filepath,start,end,scientific_name,common_name,confidence,lat,lon,week,overlap,sensitivity,min_conf,species_list,model
G:\Chilcotin_Cariboo_ARU_2023\z_BirdNET GUI folder\Winthrow Creek\ARU_9065 (Site 1)\13794221_20230608_YellowRail2023 [+51.92783-122.85861]\00009065_13794221_20230608T224000-0700_REC [+51.92783-122.85861].wav,0,3.0,Porzana carolina,Sora,0.9818,52.0000,-122.0000,24,0,1.0,0.5,None,BirdNET_GLOBAL_6K_V2.4_Model_FP32.tflite
G:\Chilcotin_Cariboo_ARU_2023\z_BirdNET GUI folder\Winthrow Creek\ARU_9065 (Site 1)\13794221_20230608_YellowRail2023 [+51.92783-122.85861]\00009065_13794221_20230608T224000-0700_REC [+51.92783-122.85861].wav,3.0,6.0,Porzana carolina,Sora,0.9810,52.0000,-122.0000,24,0,1.0,0.5,None,BirdNET_GLOBAL_6K_V2.4_Model_FP32.tflite
G:\Chilcotin_Cariboo_ARU_2023\z_BirdNET GUI folder\Winthrow Creek\ARU_9065 (Site 1)\13794221_20230608_YellowRail2023 [+51.92783-122.85861]\00009065_13794221_20230608T224000-0700_REC [+51.92783-122.85861].wav,6.0,9.0,Porzana carolina,Sora,0.9847,52.0000,-122.0000,24,0,1.0,0.5,None,BirdNET_GLOBAL_6K_V2.4_Model_FP32.tflite
G:\Chilcotin_Cariboo_ARU_2023\z_BirdNET GUI folder\Winthrow Creek\ARU_9065 (Site 1)\13794221_20230608_YellowRail2023 [+51.92783-122.85861]\00009065_13794221_20230608T224000-0700_REC [+51.92783-122.85861].wav,9.0,12.0,Porzana carolina,Sora,0.9963,52.0000,-122.0000,24,0,1.0,0.5,None,BirdNET_GLOBAL_6K_V2.4_Model_FP32.tflite
G:\Chilcotin_Cariboo_ARU_2023\z_BirdNET GUI folder\Winthrow Creek\ARU_9065 (Site 1)\13794221_20230608_YellowRail2023 [+51.92783-122.85861]\00009065_13794221_20230608T224000-0700_REC [+51.92783-122.85861].wav,12.0,15.0,Porzana carolina,Sora,0.9398,52.0000,-122.0000,24,0,1.0,0.5,None,BirdNET_GLOBAL_6K_V2.4_Model_FP32.tflite
G:\Chilcotin_Cariboo_ARU_2023\z_BirdNET GUI folder\Winthrow Creek\ARU_9065 (Site 1)\13794221_20230608_YellowRail2023 [+51.92783-122.85861]\00009065_13794221_20230608T224000-0700_REC [+51.92783-122.85861].wav,15.0,18.0,Porzana carolina,Sora,0.9940,52.0000,-122.0000,24,0,1.0,0.5,None,BirdNET_GLOBAL_6K_V2.4_Model_FP32.tflite
G:\Chilcotin_Cariboo_ARU_2023\z_BirdNET GUI folder\Winthrow Creek\ARU_9065 (Site 1)\13794221_20230608_YellowRail2023 [+51.92783-122.85861]\00009065_13794221_20230608T224000-0700_REC [+51.92783-122.85861].wav,18.0,21.0,Porzana carolina,Sora,0.9296,52.0000,-122.0000,24,0,1.0,0.5,None,BirdNET_GLOBAL_6K_V2.4_Model_FP32.tflite
G:\Chilcotin_Cariboo_ARU_2023\z_BirdNET GUI folder\Winthrow Creek\ARU_9065 (Site 1)\13794221_20230608_YellowRail2023 [+51.92783-122.85861]\00009065_13794221_20230608T224000-0700_REC [+51.92783-122.85861].wav,21.0,24.0,Porzana carolina,Sora,0.9889,52.0000,-122.0000,24,0,1.0,0.5,None,BirdNET_GLOBAL_6K_V2.4_Model_FP32.tflite
G:\Chilcotin_Cariboo_ARU_2023\z_BirdNET GUI folder\Winthrow Creek\ARU_9065 (Site 1)\13794221_20230608_YellowRail2023 [+51.92783-122.85861]\00009065_13794221_20230608T224000-0700_REC [+51.92783-122.85861].wav,24.0,27.0,Porzana carolina,Sora,0.9870,52.0000,-122.0000,24,0,1.0,0.5,None,BirdNET_GLOBAL_6K_V2.4_Model_FP32.tflite
G:\Chilcotin_Cariboo_ARU_2023\z_BirdNET GUI folder\Winthrow Creek\ARU_9065 (Site 1)\13794221_20230608_YellowRail2023 [+51.92783-122.85861]\00009065_13794221_20230608T224000-0700_REC [+51.92783-122.85861].wav,27.0,30.0,Porzana carolina,Sora,0.9865,52.0000,-122.0000,24,0,1.0,0.5,None,BirdNET_GLOBAL_6K_V2.4_Model_FP32.tflite
G:\Chilcotin_Cariboo_ARU_2023\z_BirdNET GUI folder\Winthrow Creek\ARU_9065 (Site 1)\13794221_20230608_YellowRail2023 [+51.92783-122.85861]\00009065_13794221_20230608T224000-0700_REC [+51.92783-122.85861].wav,30.0,33.0,Porzana carolina,Sora,0.9925,52.0000,-122.0000,24,0,1.0,0.5,None,BirdNET_GLOBAL_6K_V2.4_Model_FP32.tflite
G:\Chilcotin_Cariboo_ARU_2023\z_BirdNET GUI folder\Winthrow Creek\ARU_9065 (Site 1)\13794221_20230608_YellowRail2023 [+51.92783-122.85861]\00009065_13794221_20230608T224000-0700_REC [+51.92783-122.85861].wav,33.0,36.0,Porzana carolina,Sora,0.9928,52.0000,-122.0000,24,0,1.0,0.5,None,BirdNET_GLOBAL_6K_V2.4_Model_FP32.tflite
G:\Chilcotin_Cariboo_ARU_2023\z_BirdNET GUI folder\Winthrow Creek\ARU_9065 (Site 1)\13794221_20230608_YellowRail2023 [+51.92783-122.85861]\00009065_13794221_20230608T224000-0700_REC [+51.92783-122.85861].wav,36.0,39.0,Porzana carolina,Sora,0.9879,52.0000,-122.0000,24,0,1.0,0.5,None,BirdNET_GLOBAL_6K_V2.4_Model_FP32.tflite
G:\Chilcotin_Cariboo_ARU_2023\z_BirdNET GUI folder\Winthrow Creek\ARU_9065 (Site 1)\13794221_20230608_YellowRail2023 [+51.92783-122.85861]\00009065_13794221_20230608T224000-0700_REC [+51.92783-122.85861].wav,39.0,42.0,Porzana carolina,Sora,0.9808,52.0000,-122.0000,24,0,1.0,0.5,None,BirdNET_GLOBAL_6K_V2.4_Model_FP32.tflite
G:\Chilcotin_Cariboo_ARU_2023\z_BirdNET GUI folder\Winthrow Creek\ARU_9065 (Site 1)\13794221_20230608_YellowRail2023 [+51.92783-122.85861]\00009065_13794221_20230608T224000-0700_REC [+51.92783-122.85861].wav,42.0,45.0,Porzana carolina,Sora,0.9633,52.0000,-122.0000,24,0,1.0,0.5,None,BirdNET_GLOBAL_6K_V2.4_Model_FP32.tflite
G:\Chilcotin_Cariboo_ARU_2023\z_BirdNET GUI folder\Winthrow Creek\ARU_9065 (Site 1)\13794221_20230608_YellowRail2023 [+51.92783-122.85861]\00009065_13794221_20230608T224000-0700_REC [+51.92783-122.85861].wav,45.0,48.0,Porzana carolina,Sora,0.9816,52.0000,-122.0000,24,0,1.0,0.5,None,BirdNET_GLOBAL_6K_V2.4_Model_FP32.tflite
G:\Chilcotin_Cariboo_ARU_2023\z_BirdNET GUI folder\Winthrow Creek\ARU_9065 (Site 1)\13794221_20230608_YellowRail2023 [+51.92783-122.85861]\00009065_13794221_20230608T224000-0700_REC [+51.92783-122.85861].wav,48.0,51.0,Porzana carolina,Sora,0.7770,52.0000,-122.0000,24,0,1.0,0.5,None,BirdNET_GLOBAL_6K_V2.4_Model_FP32.tflite
G:\Chilcotin_Cariboo_ARU_2023\z_BirdNET GUI folder\Winthrow Creek\ARU_9065 (Site 1)\13794221_20230608_YellowRail2023 [+51.92783-122.85861]\00009065_13794221_20230608T224000-0700_REC [+51.92783-122.85861].wav,51.0,54.0,Porzana carolina,Sora,0.9867,52.0000,-122.0000,24,0,1.0,0.5,None,BirdNET_GLOBAL_6K_V2.4_Model_FP32.tflite
G:\Chilcotin_Cariboo_ARU_2023\z_BirdNET GUI folder\Winthrow Creek\ARU_9065 (Site 1)\13794221_20230608_YellowRail2023 [+51.92783-122.85861]\00009065_13794221_20230608T224000-0700_REC [+51.92783-122.85861].wav,54.0,57.0,Porzana carolina,Sora,0.9442,52.0000,-122.0000,24,0,1.0,0.5,None,BirdNET_GLOBAL_6K_V2.4_Model_FP32.tflite
G:\Chilcotin_Cariboo_ARU_2023\z_BirdNET GUI folder\Winthrow Creek\ARU_9065 (Site 1)\13794221_20230608_YellowRail2023 [+51.92783-122.85861]\00009065_13794221_20230608T224000-0700_REC [+51.92783-122.85861].wav,57.0,60.0,Porzana carolina,Sora,0.9833,52.0000,-122.0000,24,0,1.0,0.5,None,BirdNET_GLOBAL_6K_V2.4_Model_FP32.tflite
G:\Chilcotin_Cariboo_ARU_2023\z_BirdNET GUI folder\Winthrow Creek\ARU_9065 (Site 1)\13794221_20230608_YellowRail2023 [+51.92783-122.85861]\00009065_13794221_20230608T224000-0700_REC [+51.92783-122.85861].wav,60.0,63.0,Porzana carolina,Sora,0.9932,52.0000,-122.0000,24,0,1.0,0.5,None,BirdNET_GLOBAL_6K_V2.4_Model_FP32.tflite
G:\Chilcotin_Cariboo_ARU_2023\z_BirdNET GUI folder\Winthrow Creek\ARU_9065 (Site 1)\13794221_20230608_YellowRail2023 [+51.92783-122.85861]\00009065_13794221_20230608T224000-0700_REC [+51.92783-122.85861].wav,63.0,66.0,Porzana carolina,Sora,0.9945,52.0000,-122.0000,24,0,1.0,0.5,None,BirdNET_GLOBAL_6K_V2.4_Model_FP32.tflite
G:\Chilcotin_Cariboo_ARU_2023\z_BirdNET GUI folder\Winthrow Creek\ARU_9065 (Site 1)\13794221_20230608_YellowRail2023 [+51.92783-122.85861]\00009065_13794221_20230608T224000-0700_REC [+51.92783-122.85861].wav,66.0,69.0,Porzana carolina,Sora,0.9980,52.0000,-122.0000,24,0,1.0,0.5,None,BirdNET_GLOBAL_6K_V2.4_Model_FP32.tflite
G:\Chilcotin_Cariboo_ARU_2023\z_BirdNET GUI folder\Winthrow Creek\ARU_9065 (Site 1)\13794221_20230608_YellowRail2023 [+51.92783-122.85861]\00009065_13794221_20230608T224000-0700_REC [+51.92783-122.85861].wav,69.0,72.0,Porzana carolina,Sora,0.9375,52.0000,-122.0000,24,0,1.0,0.5,None,BirdNET_GLOBAL_6K_V2.4_Model_FP32.tflite
G:\Chilcotin_Cariboo_ARU_2023\z_BirdNET GUI folder\Winthrow Creek\ARU_9065 (Site 1)\13794221_20230608_YellowRail2023 [+51.92783-122.85861]\00009065_13794221_20230608T224000-0700_REC [+51.92783-122.85861].wav,72.0,75.0,Porzana carolina,Sora,0.9950,52.0000,-122.0000,24,0,1.0,0.5,None,BirdNET_GLOBAL_6K_V2.4_Model_FP32.tflite
G:\Chilcotin_Cariboo_ARU_2023\z_BirdNET GUI folder\Winthrow Creek\ARU_9065 (Site 1)\13794221_20230608_YellowRail2023 [+51.92783-122.85861]\00009065_13794221_20230608T224000-0700_REC [+51.92783-122.85861].wav,78.0,81.0,Porzana carolina,Sora,0.9855,52.0000,-122.0000,24,0,1.0,0.5,None,BirdNET_GLOBAL_6K_V2.4_Model_FP32.tflite
G:\Chilcotin_Cariboo_ARU_2023\z_BirdNET GUI folder\Winthrow Creek\ARU_9065 (Site 1)\13794221_20230608_YellowRail2023 [+51.92783-122.85861]\00009065_13794221_20230608T224000-0700_REC [+51.92783-122.85861].wav,81.0,84.0,Porzana carolina,Sora,0.9884,52.0000,-122.0000,24,0,1.0,0.5,None,BirdNET_GLOBAL_6K_V2.4_Model_FP32.tflite
G:\Chilcotin_Cariboo_ARU_2023\z_BirdNET GUI folder\Winthrow Creek\ARU_9065 (Site 1)\13794221_20230608_YellowRail2023 [+51.92783-122.85861]\00009065_13794221_20230608T224000-0700_REC [+51.92783-122.85861].wav,84.0,87.0,Porzana carolina,Sora,0.9967,52.0000,-122.0000,24,0,1.0,0.5,None,BirdNET_GLOBAL_6K_V2.4_Model_FP32.tflite
G:\Chilcotin_Cariboo_ARU_2023\z_BirdNET GUI folder\Winthrow Creek\ARU_9065 (Site 1)\13794221_20230608_YellowRail2023 [+51.92783-122.85861]\00009065_13794221_20230608T224000-0700_REC [+51.92783-122.85861].wav,87.0,90.0,Porzana carolina,Sora,0.8852,52.0000,-122.0000,24,0,1.0,0.5,None,BirdNET_GLOBAL_6K_V2.4_Model_FP32.tflite
G:\Chilcotin_Cariboo_ARU_2023\z_BirdNET GUI folder\Winthrow Creek\ARU_9065 (Site 1)\13794221_20230608_YellowRail2023 [+51.92783-122.85861]\00009065_13794221_20230608T224000-0700_REC [+51.92783-122.85861].wav,93.0,96.0,Porzana carolina,Sora,0.6533,52.0000,-122.0000,24,0,1.0,0.5,None,BirdNET_GLOBAL_6K_V2.4_Model_FP32.tflite
G:\Chilcotin_Cariboo_ARU_2023\z_BirdNET GUI folder\Winthrow Creek\ARU_9065 (Site 1)\13794221_20230608_YellowRail2023 [+51.92783-122.85861]\00009065_13794221_20230608T224000-0700_REC [+51.92783-122.85861].wav,99.0,102.0,Porzana carolina,Sora,0.8408,52.0000,-122.0000,24,0,1.0,0.5,None,BirdNET_GLOBAL_6K_V2.4_Model_FP32.tflite
G:\Chilcotin_Cariboo_ARU_2023\z_BirdNET GUI folder\Winthrow Creek\ARU_9065 (Site 1)\13794221_20230608_YellowRail2023 [+51.92783-122.85861]\00009065_13794221_20230608T224000-0700_REC [+51.92783-122.85861].wav,102.0,105.0,Porzana carolina,Sora,0.9981,52.0000,-122.0000,24,0,1.0,0.5,None,BirdNET_GLOBAL_6K_V2.4_Model_FP32.tflite
G:\Chilcotin_Cariboo_ARU_2023\z_BirdNET GUI folder\Winthrow Creek\ARU_9065 (Site 1)\13794221_20230608_YellowRail2023 [+51.92783-122.85861]\00009065_13794221_20230608T224000-0700_REC [+51.92783-122.85861].wav,105.0,108.0,Porzana carolina,Sora,0.9884,52.0000,-122.0000,24,0,1.0,0.5,None,BirdNET_GLOBAL_6K_V2.4_Model_FP32.tflite
G:\Chilcotin_Cariboo_ARU_2023\z_BirdNET GUI folder\Winthrow Creek\ARU_9065 (Site 1)\13794221_20230608_YellowRail2023 [+51.92783-122.85861]\00009065_13794221_20230608T224000-0700_REC [+51.92783-122.85861].wav,108.0,111.0,Porzana carolina,Sora,0.8489,52.0000,-122.0000,24,0,1.0,0.5,None,BirdNET_GLOBAL_6K_V2.4_Model_FP32.tflite
G:\Chilcotin_Cariboo_ARU_2023\z_BirdNET GUI folder\Winthrow Creek\ARU_9065 (Site 1)\13794221_20230608_YellowRail2023 [+51.92783-122.85861]\00009065_13794221_20230608T224000-0700_REC [+51.92783-122.85861].wav,114.0,117.0,Porzana carolina,Sora,0.9923,52.0000,-122.0000,24,0,1.0,0.5,None,BirdNET_GLOBAL_6K_V2.4_Model_FP32.tflite
G:\Chilcotin_Cariboo_ARU_2023\z_BirdNET GUI folder\Winthrow Creek\ARU_9065 (Site 1)\13794221_20230608_YellowRail2023 [+51.92783-122.85861]\00009065_13794221_20230608T224000-0700_REC [+51.92783-122.85861].wav,120.0,123.0,Porzana carolina,Sora,0.9592,52.0000,-122.0000,24,0,1.0,0.5,None,BirdNET_GLOBAL_6K_V2.4_Model_FP32.tflite
G:\Chilcotin_Cariboo_ARU_2023\z_BirdNET GUI folder\Winthrow Creek\ARU_9065 (Site 1)\13794221_20230608_YellowRail2023 [+51.92783-122.85861]\00009065_13794221_20230608T224000-0700_REC [+51.92783-122.85861].wav,123.0,126.0,Porzana carolina,Sora,0.9749,52.0000,-122.0000,24,0,1.0,0.5,None,BirdNET_GLOBAL_6K_V2.4_Model_FP32.tflite
G:\Chilcotin_Cariboo_ARU_2023\z_BirdNET GUI folder\Winthrow Creek\ARU_9065 (Site 1)\13794221_20230608_YellowRail2023 [+51.92783-122.85861]\00009065_13794221_20230608T224000-0700_REC [+51.92783-122.85861].wav,126.0,129.0,Porzana carolina,Sora,0.9878,52.0000,-122.0000,24,0,1.0,0.5,None,BirdNET_GLOBAL_6K_V2.4_Model_FP32.tflite
G:\Chilcotin_Cariboo_ARU_2023\z_BirdNET GUI folder\Winthrow Creek\ARU_9065 (Site 1)\13794221_20230608_YellowRail2023 [+51.92783-122.85861]\00009065_13794221_20230608T224000-0700_REC [+51.92783-122.85861].wav,129.0,132.0,Porzana carolina,Sora,0.9156,52.0000,-122.0000,24,0,1.0,0.5,None,BirdNET_GLOBAL_6K_V2.4_Model_FP32.tflite
G:\Chilcotin_Cariboo_ARU_2023\z_BirdNET GUI folder\Winthrow Creek\ARU_9065 (Site 1)\13794221_20230608_YellowRail2023 [+51.92783-122.85861]\00009065_13794221_20230608T224000-0700_REC [+51.92783-122.85861].wav,132.0,135.0,Porzana carolina,Sora,0.9840,52.0000,-122.0000,24,0,1.0,0.5,None,BirdNET_GLOBAL_6K_V2.4_Model_FP32.tflite
G:\Chilcotin_Cariboo_ARU_2023\z_BirdNET GUI folder\Winthrow Creek\ARU_9065 (Site 1)\13794221_20230608_YellowRail2023 [+51.92783-122.85861]\00009065_13794221_20230608T224000-0700_REC [+51.92783-122.85861].wav,135.0,138.0,Porzana carolina,Sora,0.9931,52.0000,-122.0000,24,0,1.0,0.5,None,BirdNET_GLOBAL_6K_V2.4_Model_FP32.tflite
G:\Chilcotin_Cariboo_ARU_2023\z_BirdNET GUI folder\Winthrow Creek\ARU_9065 (Site 1)\13794221_20230608_YellowRail2023 [+51.92783-122.85861]\00009065_13794221_20230608T224000-0700_REC [+51.92783-122.85861].wav,138.0,141.0,Porzana carolina,Sora,0.9895,52.0000,-122.0000,24,0,1.0,0.5,None,BirdNET_GLOBAL_6K_V2.4_Model_FP32.tflite
G:\Chilcotin_Cariboo_ARU_2023\z_BirdNET GUI folder\Winthrow Creek\ARU_9065 (Site 1)\13794221_20230608_YellowRail2023 [+51.92783-122.85861]\00009065_13794221_20230608T224000-0700_REC [+51.92783-122.85861].wav,141.0,144.0,Porzana carolina,Sora,0.9933,52.0000,-122.0000,24,0,1.0,0.5,None,BirdNET_GLOBAL_6K_V2.4_Model_FP32.tflite
G:\Chilcotin_Cariboo_ARU_2023\z_BirdNET GUI folder\Winthrow Creek\ARU_9065 (Site 1)\13794221_20230608_YellowRail2023 [+51.92783-122.85861]\00009065_13794221_20230608T224000-0700_REC [+51.92783-122.85861].wav,144.0,147.0,Porzana carolina,Sora,0.9682,52.0000,-122.0000,24,0,1.0,0.5,None,BirdNET_GLOBAL_6K_V2.4_Model_FP32.tflite
G:\Chilcotin_Cariboo_ARU_2023\z_BirdNET GUI folder\Winthrow Creek\ARU_9065 (Site 1)\13794221_20230608_YellowRail2023 [+51.92783-122.85861]\00009065_13794221_20230608T224000-0700_REC [+51.92783-122.85861].wav,147.0,150.0,Porzana carolina,Sora,0.9990,52.0000,-122.0000,24,0,1.0,0.5,None,BirdNET_GLOBAL_6K_V2.4_Model_FP32.tflite
G:\Chilcotin_Cariboo_ARU_2023\z_BirdNET GUI folder\Winthrow Creek\ARU_9065 (Site 1)\13794221_20230608_YellowRail2023 [+51.92783-122.85861]\00009065_13794221_20230608T224000-0700_REC [+51.92783-122.85861].wav,150.0,153.0,Porzana carolina,Sora,0.9963,52.0000,-122.0000,24,0,1.0,0.5,None,BirdNET_GLOBAL_6K_V2.4_Model_FP32.tflite
G:\Chilcotin_Cariboo_ARU_2023\z_BirdNET GUI folder\Winthrow Creek\ARU_9065 (Site 1)\13794221_20230608_YellowRail2023 [+51.92783-122.85861]\00009065_13794221_20230608T224000-0700_REC [+51.92783-122.85861].wav,153.0,156.0,Porzana carolina,Sora,0.9855,52.0000,-122.0000,24,0,1.0,0.5,None,BirdNET_GLOBAL_6K_V2.4_Model_FP32.tflite
G:\Chilcotin_Cariboo_ARU_2023\z_BirdNET GUI folder\Winthrow Creek\ARU_9065 (Site 1)\13794221_20230608_YellowRail2023 [+51.92783-122.85861]\00009065_13794221_20230608T224000-0700_REC [+51.92783-122.85861].wav,156.0,159.0,Porzana carolina,Sora,0.9961,52.0000,-122.0000,24,0,1.0,0.5,None,BirdNET_GLOBAL_6K_V2.4_Model_FP32.tflite
G:\Chilcotin_Cariboo_ARU_2023\z_BirdNET GUI folder\Winthrow Creek\ARU_9065 (Site 1)\13794221_20230608_YellowRail2023 [+51.92783-122.85861]\00009065_13794221_20230608T224000-0700_REC [+51.92783-122.85861].wav,159.0,162.0,Porzana carolina,Sora,0.9664,52.0000,-122.0000,24,0,1.0,0.5,None,BirdNET_GLOBAL_6K_V2.4_Model_FP32.tflite
G:\Chilcotin_Cariboo_ARU_2023\z_BirdNET GUI folder\Winthrow Creek\ARU_9065 (Site 1)\13794221_20230608_YellowRail2023 [+51.92783-122.85861]\00009065_13794221_20230608T224000-0700_REC [+51.92783-122.85861].wav,162.0,165.0,Porzana carolina,Sora,0.9539,52.0000,-122.0000,24,0,1.0,0.5,None,BirdNET_GLOBAL_6K_V2.4_Model_FP32.tflite
G:\Chilcotin_Cariboo_ARU_2023\z_BirdNET GUI folder\Winthrow Creek\ARU_9065 (Site 1)\13794221_20230608_YellowRail2023 [+51.92783-122.85861]\00009065_13794221_20230608T224000-0700_REC [+51.92783-122.85861].wav,165.0,168.0,Porzana carolina,Sora,0.9974,52.0000,-122.0000,24,0,1.0,0.5,None,BirdNET_GLOBAL_6K_V2.4_Model_FP32.tflite
G:\Chilcotin_Cariboo_ARU_2023\z_BirdNET GUI folder\Winthrow Creek\ARU_9065 (Site 1)\13794221_20230608_YellowRail2023 [+51.92783-122.85861]\00009065_13794221_20230608T224000-0700_REC [+51.92783-122.85861].wav,168.0,171.0,Porzana carolina,Sora,0.9707,52.0000,-122.0000,24,0,1.0,0.5,None,BirdNET_GLOBAL_6K_V2.4_Model_FP32.tflite
G:\Chilcotin_Cariboo_ARU_2023\z_BirdNET GUI folder\Winthrow Creek\ARU_9065 (Site 1)\13794221_20230608_YellowRail2023 [+51.92783-122.85861]\00009065_13794221_20230608T224000-0700_REC [+51.92783-122.85861].wav,171.0,174.0,Porzana carolina,Sora,0.9936,52.0000,-122.0000,24,0,1.0,0.5,None,BirdNET_GLOBAL_6K_V2.4_Model_FP32.tflite
G:\Chilcotin_Cariboo_ARU_2023\z_BirdNET GUI folder\Winthrow Creek\ARU_9065 (Site 1)\13794221_20230608_YellowRail2023 [+51.92783-122.85861]\00009065_13794221_20230608T224000-0700_REC [+51.92783-122.85861].wav,174.0,177.0,Porzana carolina,Sora,0.9968,52.0000,-122.0000,24,0,1.0,0.5,None,BirdNET_GLOBAL_6K_V2.4_Model_FP32.tflite
G:\Chilcotin_Cariboo_ARU_2023\z_BirdNET GUI folder\Winthrow Creek\ARU_9065 (Site 1)\13794221_20230608_YellowRail2023 [+51.92783-122.85861]\00009065_13794221_20230608T224000-0700_REC [+51.92783-122.85861].wav,177.0,180.0,Porzana carolina,Sora,0.9975,52.0000,-122.0000,24,0,1.0,0.5,None,BirdNET_GLOBAL_6K_V2.4_Model_FP32.tflite
G:\Chilcotin_Cariboo_ARU_2023\z_BirdNET GUI folder\Winthrow Creek\ARU_9065 (Site 1)\13794221_20230608_YellowRail2023 [+51.92783-122.85861]\00009065_13794221_20230608T224000-0700_REC [+51.92783-122.85861].wav,180.0,183.0,Porzana carolina,Sora,0.9888,52.0000,-122.0000,24,0,1.0,0.5,None,BirdNET_GLOBAL_6K_V2.4_Model_FP32.tflite
G:\Chilcotin_Cariboo_ARU_2023\z_BirdNET GUI folder\Winthrow Creek\ARU_9065 (Site 1)\13794221_20230608_YellowRail2023 [+51.92783-122.85861]\00009065_13794221_20230608T224000-0700_REC [+51.92783-122.85861].wav,186.0,189.0,Porzana carolina,Sora,0.9478,52.0000,-122.0000,24,0,1.0,0.5,None,BirdNET_GLOBAL_6K_V2.4_Model_FP32.tflite
G:\Chilcotin_Cariboo_ARU_2023\z_BirdNET GUI folder\Winthrow Creek\ARU_9065 (Site 1)\13794221_20230608_YellowRail2023 [+51.92783-122.85861]\00009065_13794221_20230608T224000-0700_REC [+51.92783-122.85861].wav,189.0,192.0,Porzana carolina,Sora,0.9935,52.0000,-122.0000,24,0,1.0,0.5,None,BirdNET_GLOBAL_6K_V2.4_Model_FP32.tflite
G:\Chilcotin_Cariboo_ARU_2023\z_BirdNET GUI folder\Winthrow Creek\ARU_9065 (Site 1)\13794221_20230608_YellowRail2023 [+51.92783-122.85861]\00009065_13794221_20230608T224000-0700_REC [+51.92783-122.85861].wav,192.0,195.0,Porzana carolina,Sora,0.7133,52.0000,-122.0000,24,0,1.0,0.5,None,BirdNET_GLOBAL_6K_V2.4_Model_FP32.tflite
G:\Chilcotin_Cariboo_ARU_2023\z_BirdNET GUI folder\Winthrow Creek\ARU_9065 (Site 1)\13794221_20230608_YellowRail2023 [+51.92783-122.85861]\00009065_13794221_20230608T224000-0700_REC [+51.92783-122.85861].wav,195.0,198.0,Porzana carolina,Sora,0.7857,52.0000,-122.0000,24,0,1.0,0.5,None,BirdNET_GLOBAL_6K_V2.4_Model_FP32.tflite
G:\Chilcotin_Cariboo_ARU_2023\z_BirdNET GUI folder\Winthrow Creek\ARU_9065 (Site 1)\13794221_20230608_YellowRail2023 [+51.92783-122.85861]\00009065_13794221_20230608T224000-0700_REC [+51.92783-122.85861].wav,198.0,201.0,Porzana carolina,Sora,0.9917,52.0000,-122.0000,24,0,1.0,0.5,None,BirdNET_GLOBAL_6K_V2.4_Model_FP32.tflite
G:\Chilcotin_Cariboo_ARU_2023\z_BirdNET GUI folder\Winthrow Creek\ARU_9065 (Site 1)\13794221_20230608_YellowRail2023 [+51.92783-122.85861]\00009065_13794221_20230608T224000-0700_REC [+51.92783-122.85861].wav,201.0,204.0,Porzana carolina,Sora,0.8494,52.0000,-122.0000,24,0,1.0,0.5,None,BirdNET_GLOBAL_6K_V2.4_Model_FP32.tflite
G:\Chilcotin_Cariboo_ARU_2023\z_BirdNET GUI folder\Winthrow Creek\ARU_9065 (Site 1)\13794221_20230608_YellowRail2023 [+51.92783-122.85861]\00009065_13794221_20230608T224000-0700_REC [+51.92783-122.85861].wav,204.0,207.0,Porzana carolina,Sora,0.9868,52.0000,-122.0000,24,0,1.0,0.5,None,BirdNET_GLOBAL_6K_V2.4_Model_FP32.tflite
G:\Chilcotin_Cariboo_ARU_2023\z_BirdNET GUI folder\Winthrow Creek\ARU_9065 (Site 1)\13794221_20230608_YellowRail2023 [+51.92783-122.85861]\00009065_13794221_20230608T224000-0700_REC [+51.92783-122.85861].wav,207.0,210.0,Porzana carolina,Sora,0.8266,52.0000,-122.0000,24,0,1.0,0.5,None,BirdNET_GLOBAL_6K_V2.4_Model_FP32.tflite
G:\Chilcotin_Cariboo_ARU_2023\z_BirdNET GUI folder\Winthrow Creek\ARU_9065 (Site 1)\13794221_20230608_YellowRail2023 [+51.92783-122.85861]\00009065_13794221_20230608T224000-0700_REC [+51.92783-122.85861].wav,210.0,213.0,Porzana carolina,Sora,0.9701,52.0000,-122.0000,24,0,1.0,0.5,None,BirdNET_GLOBAL_6K_V2.4_Model_FP32.tflite
G:\Chilcotin_Cariboo_ARU_2023\z_BirdNET GUI folder\Winthrow Creek\ARU_9065 (Site 1)\13794221_20230608_YellowRail2023 [+51.92783-122.85861]\00009065_13794221_20230608T224000-0700_REC [+51.92783-122.85861].wav,213.0,216.0,Porzana carolina,Sora,0.9727,52.0000,-122.0000,24,0,1.0,0.5,None,BirdNET_GLOBAL_6K_V2.4_Model_FP32.tflite
G:\Chilcotin_Cariboo_ARU_2023\z_BirdNET GUI folder\Winthrow Creek\ARU_9065 (Site 1)\13794221_20230608_YellowRail2023 [+51.92783-122.85861]\00009065_13794221_20230608T224000-0700_REC [+51.92783-122.85861].wav,216.0,219.0,Porzana carolina,Sora,0.9808,52.0000,-122.0000,24,0,1.0,0.5,None,BirdNET_GLOBAL_6K_V2.4_Model_FP32.tflite
G:\Chilcotin_Cariboo_ARU_2023\z_BirdNET GUI folder\Winthrow Creek\ARU_9065 (Site 1)\13794221_20230608_YellowRail2023 [+51.92783-122.85861]\00009065_13794221_20230608T224000-0700_REC [+51.92783-122.85861].wav,219.0,222.0,Porzana carolina,Sora,0.6030,52.0000,-122.0000,24,0,1.0,0.5,None,BirdNET_GLOBAL_6K_V2.4_Model_FP32.tflite
G:\Chilcotin_Cariboo_ARU_2023\z_BirdNET GUI folder\Winthrow Creek\ARU_9065 (Site 1)\13794221_20230608_YellowRail2023 [+51.92783-122.85861]\00009065_13794221_20230608T224000-0700_REC [+51.92783-122.85861].wav,222.0,225.0,Porzana carolina,Sora,0.8883,52.0000,-122.0000,24,0,1.0,0.5,None,BirdNET_GLOBAL_6K_V2.4_Model_FP32.tflite
G:\Chilcotin_Cariboo_ARU_2023\z_BirdNET GUI folder\Winthrow Creek\ARU_9065 (Site 1)\13794221_20230608_YellowRail2023 [+51.92783-122.85861]\00009065_13794221_20230608T224000-0700_REC [+51.92783-122.85861].wav,225.0,228.0,Porzana carolina,Sora,0.9599,52.0000,-122.0000,24,0,1.0,0.5,None,BirdNET_GLOBAL_6K_V2.4_Model_FP32.tflite
G:\Chilcotin_Cariboo_ARU_2023\z_BirdNET GUI folder\Winthrow Creek\ARU_9065 (Site 1)\13794221_20230608_YellowRail2023 [+51.92783-122.85861]\00009065_13794221_20230608T224000-0700_REC [+51.92783-122.85861].wav,228.0,231.0,Porzana carolina,Sora,0.9825,52.0000,-122.0000,24,0,1.0,0.5,None,BirdNET_GLOBAL_6K_V2.4_Model_FP32.tflite
G:\Chilcotin_Cariboo_ARU_2023\z_BirdNET GUI folder\Winthrow Creek\ARU_9065 (Site 1)\13794221_20230608_YellowRail2023 [+51.92783-122.85861]\00009065_13794221_20230608T224000-0700_REC [+51.92783-122.85861].wav,231.0,234.0,Porzana carolina,Sora,0.9893,52.0000,-122.0000,24,0,1.0,0.5,None,BirdNET_GLOBAL_6K_V2.4_Model_FP32.tflite
G:\Chilcotin_Cariboo_ARU_2023\z_BirdNET GUI folder\Winthrow Creek\ARU_9065 (Site 1)\13794221_20230608_YellowRail2023 [+51.92783-122.85861]\00009065_13794221_20230608T224000-0700_REC [+51.92783-122.85861].wav,234.0,237.0,Porzana carolina,Sora,0.9766,52.0000,-122.0000,24,0,1.0,0.5,None,BirdNET_GLOBAL_6K_V2.4_Model_FP32.tflite
G:\Chilcotin_Cariboo_ARU_2023\z_BirdNET GUI folder\Winthrow Creek\ARU_9065 (Site 1)\13794221_20230608_YellowRail2023 [+51.92783-122.85861]\00009065_13794221_20230608T224000-0700_REC [+51.92783-122.85861].wav,237.0,240.0,Porzana carolina,Sora,0.9376,52.0000,-122.0000,24,0,1.0,0.5,None,BirdNET_GLOBAL_6K_V2.4_Model_FP32.tflite
G:\Chilcotin_Cariboo_ARU_2023\z_BirdNET GUI folder\Winthrow Creek\ARU_9065 (Site 1)\13794221_20230608_YellowRail2023 [+51.92783-122.85861]\00009065_13794221_20230608T224000-0700_REC [+51.92783-122.85861].wav,240.0,243.0,Porzana carolina,Sora,0.9850,52.0000,-122.0000,24,0,1.0,0.5,None,BirdNET_GLOBAL_6K_V2.4_Model_FP32.tflite
G:\Chilcotin_Cariboo_ARU_2023\z_BirdNET GUI folder\Winthrow Creek\ARU_9065 (Site 1)\13794221_20230608_YellowRail2023 [+51.92783-122.85861]\00009065_13794221_20230608T224000-0700_REC [+51.92783-122.85861].wav,243.0,246.0,Porzana carolina,Sora,0.9643,52.0000,-122.0000,24,0,1.0,0.5,None,BirdNET_GLOBAL_6K_V2.4_Model_FP32.tflite
G:\Chilcotin_Cariboo_ARU_2023\z_BirdNET GUI folder\Winthrow Creek\ARU_9065 (Site 1)\13794221_20230608_YellowRail2023 [+51.92783-122.85861]\00009065_13794221_20230608T224000-0700_REC [+51.92783-122.85861].wav,246.0,249.0,Porzana carolina,Sora,0.9868,52.0000,-122.0000,24,0,1.0,0.5,None,BirdNET_GLOBAL_6K_V2.4_Model_FP32.tflite
G:\Chilcotin_Cariboo_ARU_2023\z_BirdNET GUI folder\Winthrow Creek\ARU_9065 (Site 1)\13794221_20230608_YellowRail2023 [+51.92783-122.85861]\00009065_13794221_20230608T224000-0700_REC [+51.92783-122.85861].wav,249.0,252.0,Porzana carolina,Sora,0.9719,52.0000,-122.0000,24,0,1.0,0.5,None,BirdNET_GLOBAL_6K_V2.4_Model_FP32.tflite
G:\Chilcotin_Cariboo_ARU_2023\z_BirdNET GUI folder\Winthrow Creek\ARU_9065 (Site 1)\13794221_20230608_YellowRail2023 [+51.92783-122.85861]\00009065_13794221_20230608T224000-0700_REC [+51.92783-122.85861].wav,252.0,255.0,Porzana carolina,Sora,0.9785,52.0000,-122.0000,24,0,1.0,0.5,None,BirdNET_GLOBAL_6K_V2.4_Model_FP32.tflite
G:\Chilcotin_Cariboo_ARU_2023\z_BirdNET GUI folder\Winthrow Creek\ARU_9065 (Site 1)\13794221_20230608_YellowRail2023 [+51.92783-122.85861]\00009065_13794221_20230608T224000-0700_REC [+51.92783-122.85861].wav,255.0,258.0,Porzana carolina,Sora,0.9980,52.0000,-122.0000,24,0,1.0,0.5,None,BirdNET_GLOBAL_6K_V2.4_Model_FP32.tflite
G:\Chilcotin_Cariboo_ARU_2023\z_BirdNET GUI folder\Winthrow Creek\ARU_9065 (Site 1)\13794221_20230608_YellowRail2023 [+51.92783-122.85861]\00009065_13794221_20230608T224000-0700_REC [+51.92783-122.85861].wav,258.0,261.0,Porzana carolina,Sora,0.9650,52.0000,-122.0000,24,0,1.0,0.5,None,BirdNET_GLOBAL_6K_V2.4_Model_FP32.tflite
G:\Chilcotin_Cariboo_ARU_2023\z_BirdNET GUI folder\Winthrow Creek\ARU_9065 (Site 1)\13794221_20230608_YellowRail2023 [+51.92783-122.85861]\00009065_13794221_20230608T224000-0700_REC [+51.92783-122.85861].wav,261.0,264.0,Porzana carolina,Sora,0.9810,52.0000,-122.0000,24,0,1.0,0.5,None,BirdNET_GLOBAL_6K_V2.4_Model_FP32.tflite
G:\Chilcotin_Cariboo_ARU_2023\z_BirdNET GUI folder\Winthrow Creek\ARU_9065 (Site 1)\13794221_20230608_YellowRail2023 [+51.92783-122.85861]\00009065_13794221_20230608T224000-0700_REC [+51.92783-122.85861].wav,264.0,267.0,Porzana carolina,Sora,0.9874,52.0000,-122.0000,24,0,1.0,0.5,None,BirdNET_GLOBAL_6K_V2.4_Model_FP32.tflite
G:\Chilcotin_Cariboo_ARU_2023\z_BirdNET GUI folder\Winthrow Creek\ARU_9065 (Site 1)\13794221_20230608_YellowRail2023 [+51.92783-122.85861]\00009065_13794221_20230608T224000-0700_REC [+51.92783-122.85861].wav,267.0,270.0,Porzana carolina,Sora,0.9774,52.0000,-122.0000,24,0,1.0,0.5,None,BirdNET_GLOBAL_6K_V2.4_Model_FP32.tflite
G:\Chilcotin_Cariboo_ARU_2023\z_BirdNET GUI folder\Winthrow Creek\ARU_9065 (Site 1)\13794221_20230608_YellowRail2023 [+51.92783-122.85861]\00009065_13794221_20230608T224000-0700_REC [+51.92783-122.85861].wav,270.0,273.0,Porzana carolina,Sora,0.9953,52.0000,-122.0000,24,0,1.0,0.5,None,BirdNET_GLOBAL_6K_V2.4_Model_FP32.tflite
G:\Chilcotin_Cariboo_ARU_2023\z_BirdNET GUI folder\Winthrow Creek\ARU_9065 (Site 1)\13794221_20230608_YellowRail2023 [+51.92783-122.85861]\00009065_13794221_20230608T224000-0700_REC [+51.92783-122.85861].wav,273.0,276.0,Porzana carolina,Sora,0.9807,52.0000,-122.0000,24,0,1.0,0.5,None,BirdNET_GLOBAL_6K_V2.4_Model_FP32.tflite
G:\Chilcotin_Cariboo_ARU_2023\z_BirdNET GUI folder\Winthrow Creek\ARU_9065 (Site 1)\13794221_20230608_YellowRail2023 [+51.92783-122.85861]\00009065_13794221_20230608T224000-0700_REC [+51.92783-122.85861].wav,276.0,279.0,Porzana carolina,Sora,0.9380,52.0000,-122.0000,24,0,1.0,0.5,None,BirdNET_GLOBAL_6K_V2.4_Model_FP32.tflite
G:\Chilcotin_Cariboo_ARU_2023\z_BirdNET GUI folder\Winthrow Creek\ARU_9065 (Site 1)\13794221_20230608_YellowRail2023 [+51.92783-122.85861]\00009065_13794221_20230608T224000-0700_REC [+51.92783-122.85861].wav,279.0,282.0,Porzana carolina,Sora,0.9924,52.0000,-122.0000,24,0,1.0,0.5,None,BirdNET_GLOBAL_6K_V2.4_Model_FP32.tflite
G:\Chilcotin_Cariboo_ARU_2023\z_BirdNET GUI folder\Winthrow Creek\ARU_9065 (Site 1)\13794221_20230608_YellowRail2023 [+51.92783-122.85861]\00009065_13794221_20230608T224000-0700_REC [+51.92783-122.85861].wav,282.0,285.0,Porzana carolina,Sora,0.9872,52.0000,-122.0000,24,0,1.0,0.5,None,BirdNET_GLOBAL_6K_V2.4_Model_FP32.tflite
G:\Chilcotin_Cariboo_ARU_2023\z_BirdNET GUI folder\Winthrow Creek\ARU_9065 (Site 1)\13794221_20230608_YellowRail2023 [+51.92783-122.85861]\00009065_13794221_20230608T224000-0700_REC [+51.92783-122.85861].wav,285.0,288.0,Porzana carolina,Sora,0.9911,52.0000,-122.0000,24,0,1.0,0.5,None,BirdNET_GLOBAL_6K_V2.4_Model_FP32.tflite
G:\Chilcotin_Cariboo_ARU_2023\z_BirdNET GUI folder\Winthrow Creek\ARU_9065 (Site 1)\13794221_20230608_YellowRail2023 [+51.92783-122.85861]\00009065_13794221_20230608T224000-0700_REC [+51.92783-122.85861].wav,288.0,291.0,Porzana carolina,Sora,0.9932,52.0000,-122.0000,24,0,1.0,0.5,None,BirdNET_GLOBAL_6K_V2.4_Model_FP32.tflite
G:\Chilcotin_Cariboo_ARU_2023\z_BirdNET GUI folder\Winthrow Creek\ARU_9065 (Site 1)\13794221_20230608_YellowRail2023 [+51.92783-122.85861]\00009065_13794221_20230608T224000-0700_REC [+51.92783-122.85861].wav,291.0,294.0,Porzana carolina,Sora,0.9598,52.0000,-122.0000,24,0,1.0,0.5,None,BirdNET_GLOBAL_6K_V2.4_Model_FP32.tflite
G:\Chilcotin_Cariboo_ARU_2023\z_BirdNET GUI folder\Winthrow Creek\ARU_9065 (Site 1)\13794221_20230608_YellowRail2023 [+51.92783-122.85861]\00009065_13794221_20230608T224000-0700_REC [+51.92783-122.85861].wav,294.0,297.0,Porzana carolina,Sora,0.9622,52.0000,-122.0000,24,0,1.0,0.5,None,BirdNET_GLOBAL_6K_V2.4_Model_FP32.tflite
G:\Chilcotin_Cariboo_ARU_2023\z_BirdNET GUI folder\Winthrow Creek\ARU_9065 (Site 1)\13794221_20230608_YellowRail2023 [+51.92783-122.85861]\00009065_13794221_20230608T224000-0700_REC [+51.92783-122.85861].wav,297.0,300.0,Porzana carolina,Sora,0.9423,52.0000,-122.0000,24,0,1.0,0.5,None,BirdNET_GLOBAL_6K_V2.4_Model_FP32.tflite