filepath,start,end,scientific_name,common_name,confidence,lat,lon,week,overlap,sensitivity,min_conf,species_list,model
G:\Chilcotin_Cariboo_ARU_2023\focal_analysis_3\Tatton Lake\ARU_9633 (Site 2)\16801545_20230621_YellowRail2023 [+51.71449-121.28731]\00009633_16801545_20230621T035000-0700_REC [+51.71449-121.28731].wav,0,3.0,Empidonax traillii,Willow Flycatcher,0.9965,0.0000,0.0000,-1,0,1.0,0.5,C:\Users\sunny541.stu\AppData\Local\Temp\684088f74cd800171d7d84116b36d9fc94d24255\focal_species_list_with_sci_name.txt,BirdNET_GLOBAL_6K_V2.4_Model_FP32.tflite
G:\Chilcotin_Cariboo_ARU_2023\focal_analysis_3\Tatton Lake\ARU_9633 (Site 2)\16801545_20230621_YellowRail2023 [+51.71449-121.28731]\00009633_16801545_20230621T035000-0700_REC [+51.71449-121.28731].wav,3.0,6.0,Empidonax traillii,Willow Flycatcher,0.9995,0.0000,0.0000,-1,0,1.0,0.5,C:\Users\sunny541.stu\AppData\Local\Temp\684088f74cd800171d7d84116b36d9fc94d24255\focal_species_list_with_sci_name.txt,BirdNET_GLOBAL_6K_V2.4_Model_FP32.tflite
G:\Chilcotin_Cariboo_ARU_2023\focal_analysis_3\Tatton Lake\ARU_9633 (Site 2)\16801545_20230621_YellowRail2023 [+51.71449-121.28731]\00009633_16801545_20230621T035000-0700_REC [+51.71449-121.28731].wav,6.0,9.0,Empidonax traillii,Willow Flycatcher,0.9575,0.0000,0.0000,-1,0,1.0,0.5,C:\Users\sunny541.stu\AppData\Local\Temp\684088f74cd800171d7d84116b36d9fc94d24255\focal_species_list_with_sci_name.txt,BirdNET_GLOBAL_6K_V2.4_Model_FP32.tflite
G:\Chilcotin_Cariboo_ARU_2023\focal_analysis_3\Tatton Lake\ARU_9633 (Site 2)\16801545_20230621_YellowRail2023 [+51.71449-121.28731]\00009633_16801545_20230621T035000-0700_REC [+51.71449-121.28731].wav,9.0,12.0,Empidonax traillii,Willow Flycatcher,0.9937,0.0000,0.0000,-1,0,1.0,0.5,C:\Users\sunny541.stu\AppData\Local\Temp\684088f74cd800171d7d84116b36d9fc94d24255\focal_species_list_with_sci_name.txt,BirdNET_GLOBAL_6K_V2.4_Model_FP32.tflite
G:\Chilcotin_Cariboo_ARU_2023\focal_analysis_3\Tatton Lake\ARU_9633 (Site 2)\16801545_20230621_YellowRail2023 [+51.71449-121.28731]\00009633_16801545_20230621T035000-0700_REC [+51.71449-121.28731].wav,12.0,15.0,Empidonax traillii,Willow Flycatcher,0.9942,0.0000,0.0000,-1,0,1.0,0.5,C:\Users\sunny541.stu\AppData\Local\Temp\684088f74cd800171d7d84116b36d9fc94d24255\focal_species_list_with_sci_name.txt,BirdNET_GLOBAL_6K_V2.4_Model_FP32.tflite
G:\Chilcotin_Cariboo_ARU_2023\focal_analysis_3\Tatton Lake\ARU_9633 (Site 2)\16801545_20230621_YellowRail2023 [+51.71449-121.28731]\00009633_16801545_20230621T035000-0700_REC [+51.71449-121.28731].wav,15.0,18.0,Empidonax traillii,Willow Flycatcher,0.9996,0.0000,0.0000,-1,0,1.0,0.5,C:\Users\sunny541.stu\AppData\Local\Temp\684088f74cd800171d7d84116b36d9fc94d24255\focal_species_list_with_sci_name.txt,BirdNET_GLOBAL_6K_V2.4_Model_FP32.tflite
G:\Chilcotin_Cariboo_ARU_2023\focal_analysis_3\Tatton Lake\ARU_9633 (Site 2)\16801545_20230621_YellowRail2023 [+51.71449-121.28731]\00009633_16801545_20230621T035000-0700_REC [+51.71449-121.28731].wav,18.0,21.0,Empidonax traillii,Willow Flycatcher,0.9988,0.0000,0.0000,-1,0,1.0,0.5,C:\Users\sunny541.stu\AppData\Local\Temp\684088f74cd800171d7d84116b36d9fc94d24255\focal_species_list_with_sci_name.txt,BirdNET_GLOBAL_6K_V2.4_Model_FP32.tflite
G:\Chilcotin_Cariboo_ARU_2023\focal_analysis_3\Tatton Lake\ARU_9633 (Site 2)\16801545_20230621_YellowRail2023 [+51.71449-121.28731]\00009633_16801545_20230621T035000-0700_REC [+51.71449-121.28731].wav,21.0,24.0,Empidonax traillii,Willow Flycatcher,0.9400,0.0000,0.0000,-1,0,1.0,0.5,C:\Users\sunny541.stu\AppData\Local\Temp\684088f74cd800171d7d84116b36d9fc94d24255\focal_species_list_with_sci_name.txt,BirdNET_GLOBAL_6K_V2.4_Model_FP32.tflite
G:\Chilcotin_Cariboo_ARU_2023\focal_analysis_3\Tatton Lake\ARU_9633 (Site 2)\16801545_20230621_YellowRail2023 [+51.71449-121.28731]\00009633_16801545_20230621T035000-0700_REC [+51.71449-121.28731].wav,24.0,27.0,Empidonax traillii,Willow Flycatcher,0.9877,0.0000,0.0000,-1,0,1.0,0.5,C:\Users\sunny541.stu\AppData\Local\Temp\684088f74cd800171d7d84116b36d9fc94d24255\focal_species_list_with_sci_name.txt,BirdNET_GLOBAL_6K_V2.4_Model_FP32.tflite
G:\Chilcotin_Cariboo_ARU_2023\focal_analysis_3\Tatton Lake\ARU_9633 (Site 2)\16801545_20230621_YellowRail2023 [+51.71449-121.28731]\00009633_16801545_20230621T035000-0700_REC [+51.71449-121.28731].wav,27.0,30.0,Empidonax traillii,Willow Flycatcher,0.9229,0.0000,0.0000,-1,0,1.0,0.5,C:\Users\sunny541.stu\AppData\Local\Temp\684088f74cd800171d7d84116b36d9fc94d24255\focal_species_list_with_sci_name.txt,BirdNET_GLOBAL_6K_V2.4_Model_FP32.tflite
G:\Chilcotin_Cariboo_ARU_2023\focal_analysis_3\Tatton Lake\ARU_9633 (Site 2)\16801545_20230621_YellowRail2023 [+51.71449-121.28731]\00009633_16801545_20230621T035000-0700_REC [+51.71449-121.28731].wav,30.0,33.0,Empidonax traillii,Willow Flycatcher,0.9977,0.0000,0.0000,-1,0,1.0,0.5,C:\Users\sunny541.stu\AppData\Local\Temp\684088f74cd800171d7d84116b36d9fc94d24255\focal_species_list_with_sci_name.txt,BirdNET_GLOBAL_6K_V2.4_Model_FP32.tflite
G:\Chilcotin_Cariboo_ARU_2023\focal_analysis_3\Tatton Lake\ARU_9633 (Site 2)\16801545_20230621_YellowRail2023 [+51.71449-121.28731]\00009633_16801545_20230621T035000-0700_REC [+51.71449-121.28731].wav,33.0,36.0,Empidonax traillii,Willow Flycatcher,0.9983,0.0000,0.0000,-1,0,1.0,0.5,C:\Users\sunny541.stu\AppData\Local\Temp\684088f74cd800171d7d84116b36d9fc94d24255\focal_species_list_with_sci_name.txt,BirdNET_GLOBAL_6K_V2.4_Model_FP32.tflite
G:\Chilcotin_Cariboo_ARU_2023\focal_analysis_3\Tatton Lake\ARU_9633 (Site 2)\16801545_20230621_YellowRail2023 [+51.71449-121.28731]\00009633_16801545_20230621T035000-0700_REC [+51.71449-121.28731].wav,36.0,39.0,Empidonax traillii,Willow Flycatcher,0.9971,0.0000,0.0000,-1,0,1.0,0.5,C:\Users\sunny541.stu\AppData\Local\Temp\684088f74cd800171d7d84116b36d9fc94d24255\focal_species_list_with_sci_name.txt,BirdNET_GLOBAL_6K_V2.4_Model_FP32.tflite
G:\Chilcotin_Cariboo_ARU_2023\focal_analysis_3\Tatton Lake\ARU_9633 (Site 2)\16801545_20230621_YellowRail2023 [+51.71449-121.28731]\00009633_16801545_20230621T035000-0700_REC [+51.71449-121.28731].wav,39.0,42.0,Empidonax traillii,Willow Flycatcher,0.9967,0.0000,0.0000,-1,0,1.0,0.5,C:\Users\sunny541.stu\AppData\Local\Temp\684088f74cd800171d7d84116b36d9fc94d24255\focal_species_list_with_sci_name.txt,BirdNET_GLOBAL_6K_V2.4_Model_FP32.tflite
G:\Chilcotin_Cariboo_ARU_2023\focal_analysis_3\Tatton Lake\ARU_9633 (Site 2)\16801545_20230621_YellowRail2023 [+51.71449-121.28731]\00009633_16801545_20230621T035000-0700_REC [+51.71449-121.28731].wav,42.0,45.0,Empidonax traillii,Willow Flycatcher,0.9991,0.0000,0.0000,-1,0,1.0,0.5,C:\Users\sunny541.stu\AppData\Local\Temp\684088f74cd800171d7d84116b36d9fc94d24255\focal_species_list_with_sci_name.txt,BirdNET_GLOBAL_6K_V2.4_Model_FP32.tflite
G:\Chilcotin_Cariboo_ARU_2023\focal_analysis_3\Tatton Lake\ARU_9633 (Site 2)\16801545_20230621_YellowRail2023 [+51.71449-121.28731]\00009633_16801545_20230621T035000-0700_REC [+51.71449-121.28731].wav,45.0,48.0,Empidonax traillii,Willow Flycatcher,0.9988,0.0000,0.0000,-1,0,1.0,0.5,C:\Users\sunny541.stu\AppData\Local\Temp\684088f74cd800171d7d84116b36d9fc94d24255\focal_species_list_with_sci_name.txt,BirdNET_GLOBAL_6K_V2.4_Model_FP32.tflite
G:\Chilcotin_Cariboo_ARU_2023\focal_analysis_3\Tatton Lake\ARU_9633 (Site 2)\16801545_20230621_YellowRail2023 [+51.71449-121.28731]\00009633_16801545_20230621T035000-0700_REC [+51.71449-121.28731].wav,48.0,51.0,Empidonax traillii,Willow Flycatcher,0.9991,0.0000,0.0000,-1,0,1.0,0.5,C:\Users\sunny541.stu\AppData\Local\Temp\684088f74cd800171d7d84116b36d9fc94d24255\focal_species_list_with_sci_name.txt,BirdNET_GLOBAL_6K_V2.4_Model_FP32.tflite
G:\Chilcotin_Cariboo_ARU_2023\focal_analysis_3\Tatton Lake\ARU_9633 (Site 2)\16801545_20230621_YellowRail2023 [+51.71449-121.28731]\00009633_16801545_20230621T035000-0700_REC [+51.71449-121.28731].wav,51.0,54.0,Empidonax traillii,Willow Flycatcher,0.9996,0.0000,0.0000,-1,0,1.0,0.5,C:\Users\sunny541.stu\AppData\Local\Temp\684088f74cd800171d7d84116b36d9fc94d24255\focal_species_list_with_sci_name.txt,BirdNET_GLOBAL_6K_V2.4_Model_FP32.tflite
G:\Chilcotin_Cariboo_ARU_2023\focal_analysis_3\Tatton Lake\ARU_9633 (Site 2)\16801545_20230621_YellowRail2023 [+51.71449-121.28731]\00009633_16801545_20230621T035000-0700_REC [+51.71449-121.28731].wav,54.0,57.0,Empidonax traillii,Willow Flycatcher,0.9984,0.0000,0.0000,-1,0,1.0,0.5,C:\Users\sunny541.stu\AppData\Local\Temp\684088f74cd800171d7d84116b36d9fc94d24255\focal_species_list_with_sci_name.txt,BirdNET_GLOBAL_6K_V2.4_Model_FP32.tflite
G:\Chilcotin_Cariboo_ARU_2023\focal_analysis_3\Tatton Lake\ARU_9633 (Site 2)\16801545_20230621_YellowRail2023 [+51.71449-121.28731]\00009633_16801545_20230621T035000-0700_REC [+51.71449-121.28731].wav,57.0,60.0,Empidonax traillii,Willow Flycatcher,0.9979,0.0000,0.0000,-1,0,1.0,0.5,C:\Users\sunny541.stu\AppData\Local\Temp\684088f74cd800171d7d84116b36d9fc94d24255\focal_species_list_with_sci_name.txt,BirdNET_GLOBAL_6K_V2.4_Model_FP32.tflite
G:\Chilcotin_Cariboo_ARU_2023\focal_analysis_3\Tatton Lake\ARU_9633 (Site 2)\16801545_20230621_YellowRail2023 [+51.71449-121.28731]\00009633_16801545_20230621T035000-0700_REC [+51.71449-121.28731].wav,60.0,63.0,Empidonax traillii,Willow Flycatcher,0.9971,0.0000,0.0000,-1,0,1.0,0.5,C:\Users\sunny541.stu\AppData\Local\Temp\684088f74cd800171d7d84116b36d9fc94d24255\focal_species_list_with_sci_name.txt,BirdNET_GLOBAL_6K_V2.4_Model_FP32.tflite
G:\Chilcotin_Cariboo_ARU_2023\focal_analysis_3\Tatton Lake\ARU_9633 (Site 2)\16801545_20230621_YellowRail2023 [+51.71449-121.28731]\00009633_16801545_20230621T035000-0700_REC [+51.71449-121.28731].wav,63.0,66.0,Empidonax traillii,Willow Flycatcher,0.9934,0.0000,0.0000,-1,0,1.0,0.5,C:\Users\sunny541.stu\AppData\Local\Temp\684088f74cd800171d7d84116b36d9fc94d24255\focal_species_list_with_sci_name.txt,BirdNET_GLOBAL_6K_V2.4_Model_FP32.tflite
G:\Chilcotin_Cariboo_ARU_2023\focal_analysis_3\Tatton Lake\ARU_9633 (Site 2)\16801545_20230621_YellowRail2023 [+51.71449-121.28731]\00009633_16801545_20230621T035000-0700_REC [+51.71449-121.28731].wav,66.0,69.0,Empidonax traillii,Willow Flycatcher,0.9988,0.0000,0.0000,-1,0,1.0,0.5,C:\Users\sunny541.stu\AppData\Local\Temp\684088f74cd800171d7d84116b36d9fc94d24255\focal_species_list_with_sci_name.txt,BirdNET_GLOBAL_6K_V2.4_Model_FP32.tflite
G:\Chilcotin_Cariboo_ARU_2023\focal_analysis_3\Tatton Lake\ARU_9633 (Site 2)\16801545_20230621_YellowRail2023 [+51.71449-121.28731]\00009633_16801545_20230621T035000-0700_REC [+51.71449-121.28731].wav,69.0,72.0,Empidonax traillii,Willow Flycatcher,0.7021,0.0000,0.0000,-1,0,1.0,0.5,C:\Users\sunny541.stu\AppData\Local\Temp\684088f74cd800171d7d84116b36d9fc94d24255\focal_species_list_with_sci_name.txt,BirdNET_GLOBAL_6K_V2.4_Model_FP32.tflite
G:\Chilcotin_Cariboo_ARU_2023\focal_analysis_3\Tatton Lake\ARU_9633 (Site 2)\16801545_20230621_YellowRail2023 [+51.71449-121.28731]\00009633_16801545_20230621T035000-0700_REC [+51.71449-121.28731].wav,72.0,75.0,Empidonax traillii,Willow Flycatcher,0.9843,0.0000,0.0000,-1,0,1.0,0.5,C:\Users\sunny541.stu\AppData\Local\Temp\684088f74cd800171d7d84116b36d9fc94d24255\focal_species_list_with_sci_name.txt,BirdNET_GLOBAL_6K_V2.4_Model_FP32.tflite
G:\Chilcotin_Cariboo_ARU_2023\focal_analysis_3\Tatton Lake\ARU_9633 (Site 2)\16801545_20230621_YellowRail2023 [+51.71449-121.28731]\00009633_16801545_20230621T035000-0700_REC [+51.71449-121.28731].wav,78.0,81.0,Empidonax traillii,Willow Flycatcher,0.9982,0.0000,0.0000,-1,0,1.0,0.5,C:\Users\sunny541.stu\AppData\Local\Temp\684088f74cd800171d7d84116b36d9fc94d24255\focal_species_list_with_sci_name.txt,BirdNET_GLOBAL_6K_V2.4_Model_FP32.tflite
G:\Chilcotin_Cariboo_ARU_2023\focal_analysis_3\Tatton Lake\ARU_9633 (Site 2)\16801545_20230621_YellowRail2023 [+51.71449-121.28731]\00009633_16801545_20230621T035000-0700_REC [+51.71449-121.28731].wav,81.0,84.0,Empidonax traillii,Willow Flycatcher,0.9988,0.0000,0.0000,-1,0,1.0,0.5,C:\Users\sunny541.stu\AppData\Local\Temp\684088f74cd800171d7d84116b36d9fc94d24255\focal_species_list_with_sci_name.txt,BirdNET_GLOBAL_6K_V2.4_Model_FP32.tflite
G:\Chilcotin_Cariboo_ARU_2023\focal_analysis_3\Tatton Lake\ARU_9633 (Site 2)\16801545_20230621_YellowRail2023 [+51.71449-121.28731]\00009633_16801545_20230621T035000-0700_REC [+51.71449-121.28731].wav,84.0,87.0,Empidonax traillii,Willow Flycatcher,0.8947,0.0000,0.0000,-1,0,1.0,0.5,C:\Users\sunny541.stu\AppData\Local\Temp\684088f74cd800171d7d84116b36d9fc94d24255\focal_species_list_with_sci_name.txt,BirdNET_GLOBAL_6K_V2.4_Model_FP32.tflite
G:\Chilcotin_Cariboo_ARU_2023\focal_analysis_3\Tatton Lake\ARU_9633 (Site 2)\16801545_20230621_YellowRail2023 [+51.71449-121.28731]\00009633_16801545_20230621T035000-0700_REC [+51.71449-121.28731].wav,87.0,90.0,Empidonax traillii,Willow Flycatcher,0.9954,0.0000,0.0000,-1,0,1.0,0.5,C:\Users\sunny541.stu\AppData\Local\Temp\684088f74cd800171d7d84116b36d9fc94d24255\focal_species_list_with_sci_name.txt,BirdNET_GLOBAL_6K_V2.4_Model_FP32.tflite
G:\Chilcotin_Cariboo_ARU_2023\focal_analysis_3\Tatton Lake\ARU_9633 (Site 2)\16801545_20230621_YellowRail2023 [+51.71449-121.28731]\00009633_16801545_20230621T035000-0700_REC [+51.71449-121.28731].wav,90.0,93.0,Empidonax traillii,Willow Flycatcher,0.9918,0.0000,0.0000,-1,0,1.0,0.5,C:\Users\sunny541.stu\AppData\Local\Temp\684088f74cd800171d7d84116b36d9fc94d24255\focal_species_list_with_sci_name.txt,BirdNET_GLOBAL_6K_V2.4_Model_FP32.tflite
G:\Chilcotin_Cariboo_ARU_2023\focal_analysis_3\Tatton Lake\ARU_9633 (Site 2)\16801545_20230621_YellowRail2023 [+51.71449-121.28731]\00009633_16801545_20230621T035000-0700_REC [+51.71449-121.28731].wav,93.0,96.0,Empidonax traillii,Willow Flycatcher,0.9590,0.0000,0.0000,-1,0,1.0,0.5,C:\Users\sunny541.stu\AppData\Local\Temp\684088f74cd800171d7d84116b36d9fc94d24255\focal_species_list_with_sci_name.txt,BirdNET_GLOBAL_6K_V2.4_Model_FP32.tflite
G:\Chilcotin_Cariboo_ARU_2023\focal_analysis_3\Tatton Lake\ARU_9633 (Site 2)\16801545_20230621_YellowRail2023 [+51.71449-121.28731]\00009633_16801545_20230621T035000-0700_REC [+51.71449-121.28731].wav,96.0,99.0,Empidonax traillii,Willow Flycatcher,0.9969,0.0000,0.0000,-1,0,1.0,0.5,C:\Users\sunny541.stu\AppData\Local\Temp\684088f74cd800171d7d84116b36d9fc94d24255\focal_species_list_with_sci_name.txt,BirdNET_GLOBAL_6K_V2.4_Model_FP32.tflite
G:\Chilcotin_Cariboo_ARU_2023\focal_analysis_3\Tatton Lake\ARU_9633 (Site 2)\16801545_20230621_YellowRail2023 [+51.71449-121.28731]\00009633_16801545_20230621T035000-0700_REC [+51.71449-121.28731].wav,99.0,102.0,Empidonax traillii,Willow Flycatcher,0.9978,0.0000,0.0000,-1,0,1.0,0.5,C:\Users\sunny541.stu\AppData\Local\Temp\684088f74cd800171d7d84116b36d9fc94d24255\focal_species_list_with_sci_name.txt,BirdNET_GLOBAL_6K_V2.4_Model_FP32.tflite
G:\Chilcotin_Cariboo_ARU_2023\focal_analysis_3\Tatton Lake\ARU_9633 (Site 2)\16801545_20230621_YellowRail2023 [+51.71449-121.28731]\00009633_16801545_20230621T035000-0700_REC [+51.71449-121.28731].wav,102.0,105.0,Empidonax traillii,Willow Flycatcher,0.9982,0.0000,0.0000,-1,0,1.0,0.5,C:\Users\sunny541.stu\AppData\Local\Temp\684088f74cd800171d7d84116b36d9fc94d24255\focal_species_list_with_sci_name.txt,BirdNET_GLOBAL_6K_V2.4_Model_FP32.tflite
G:\Chilcotin_Cariboo_ARU_2023\focal_analysis_3\Tatton Lake\ARU_9633 (Site 2)\16801545_20230621_YellowRail2023 [+51.71449-121.28731]\00009633_16801545_20230621T035000-0700_REC [+51.71449-121.28731].wav,105.0,108.0,Empidonax traillii,Willow Flycatcher,0.9987,0.0000,0.0000,-1,0,1.0,0.5,C:\Users\sunny541.stu\AppData\Local\Temp\684088f74cd800171d7d84116b36d9fc94d24255\focal_species_list_with_sci_name.txt,BirdNET_GLOBAL_6K_V2.4_Model_FP32.tflite
G:\Chilcotin_Cariboo_ARU_2023\focal_analysis_3\Tatton Lake\ARU_9633 (Site 2)\16801545_20230621_YellowRail2023 [+51.71449-121.28731]\00009633_16801545_20230621T035000-0700_REC [+51.71449-121.28731].wav,108.0,111.0,Empidonax traillii,Willow Flycatcher,0.9726,0.0000,0.0000,-1,0,1.0,0.5,C:\Users\sunny541.stu\AppData\Local\Temp\684088f74cd800171d7d84116b36d9fc94d24255\focal_species_list_with_sci_name.txt,BirdNET_GLOBAL_6K_V2.4_Model_FP32.tflite
G:\Chilcotin_Cariboo_ARU_2023\focal_analysis_3\Tatton Lake\ARU_9633 (Site 2)\16801545_20230621_YellowRail2023 [+51.71449-121.28731]\00009633_16801545_20230621T035000-0700_REC [+51.71449-121.28731].wav,111.0,114.0,Empidonax traillii,Willow Flycatcher,0.9829,0.0000,0.0000,-1,0,1.0,0.5,C:\Users\sunny541.stu\AppData\Local\Temp\684088f74cd800171d7d84116b36d9fc94d24255\focal_species_list_with_sci_name.txt,BirdNET_GLOBAL_6K_V2.4_Model_FP32.tflite
G:\Chilcotin_Cariboo_ARU_2023\focal_analysis_3\Tatton Lake\ARU_9633 (Site 2)\16801545_20230621_YellowRail2023 [+51.71449-121.28731]\00009633_16801545_20230621T035000-0700_REC [+51.71449-121.28731].wav,114.0,117.0,Empidonax traillii,Willow Flycatcher,0.9995,0.0000,0.0000,-1,0,1.0,0.5,C:\Users\sunny541.stu\AppData\Local\Temp\684088f74cd800171d7d84116b36d9fc94d24255\focal_species_list_with_sci_name.txt,BirdNET_GLOBAL_6K_V2.4_Model_FP32.tflite
G:\Chilcotin_Cariboo_ARU_2023\focal_analysis_3\Tatton Lake\ARU_9633 (Site 2)\16801545_20230621_YellowRail2023 [+51.71449-121.28731]\00009633_16801545_20230621T035000-0700_REC [+51.71449-121.28731].wav,117.0,120.0,Empidonax traillii,Willow Flycatcher,0.9966,0.0000,0.0000,-1,0,1.0,0.5,C:\Users\sunny541.stu\AppData\Local\Temp\684088f74cd800171d7d84116b36d9fc94d24255\focal_species_list_with_sci_name.txt,BirdNET_GLOBAL_6K_V2.4_Model_FP32.tflite
G:\Chilcotin_Cariboo_ARU_2023\focal_analysis_3\Tatton Lake\ARU_9633 (Site 2)\16801545_20230621_YellowRail2023 [+51.71449-121.28731]\00009633_16801545_20230621T035000-0700_REC [+51.71449-121.28731].wav,120.0,123.0,Empidonax traillii,Willow Flycatcher,0.7566,0.0000,0.0000,-1,0,1.0,0.5,C:\Users\sunny541.stu\AppData\Local\Temp\684088f74cd800171d7d84116b36d9fc94d24255\focal_species_list_with_sci_name.txt,BirdNET_GLOBAL_6K_V2.4_Model_FP32.tflite
G:\Chilcotin_Cariboo_ARU_2023\focal_analysis_3\Tatton Lake\ARU_9633 (Site 2)\16801545_20230621_YellowRail2023 [+51.71449-121.28731]\00009633_16801545_20230621T035000-0700_REC [+51.71449-121.28731].wav,123.0,126.0,Empidonax traillii,Willow Flycatcher,0.9973,0.0000,0.0000,-1,0,1.0,0.5,C:\Users\sunny541.stu\AppData\Local\Temp\684088f74cd800171d7d84116b36d9fc94d24255\focal_species_list_with_sci_name.txt,BirdNET_GLOBAL_6K_V2.4_Model_FP32.tflite
G:\Chilcotin_Cariboo_ARU_2023\focal_analysis_3\Tatton Lake\ARU_9633 (Site 2)\16801545_20230621_YellowRail2023 [+51.71449-121.28731]\00009633_16801545_20230621T035000-0700_REC [+51.71449-121.28731].wav,126.0,129.0,Empidonax traillii,Willow Flycatcher,0.9998,0.0000,0.0000,-1,0,1.0,0.5,C:\Users\sunny541.stu\AppData\Local\Temp\684088f74cd800171d7d84116b36d9fc94d24255\focal_species_list_with_sci_name.txt,BirdNET_GLOBAL_6K_V2.4_Model_FP32.tflite
G:\Chilcotin_Cariboo_ARU_2023\focal_analysis_3\Tatton Lake\ARU_9633 (Site 2)\16801545_20230621_YellowRail2023 [+51.71449-121.28731]\00009633_16801545_20230621T035000-0700_REC [+51.71449-121.28731].wav,129.0,132.0,Empidonax traillii,Willow Flycatcher,0.9937,0.0000,0.0000,-1,0,1.0,0.5,C:\Users\sunny541.stu\AppData\Local\Temp\684088f74cd800171d7d84116b36d9fc94d24255\focal_species_list_with_sci_name.txt,BirdNET_GLOBAL_6K_V2.4_Model_FP32.tflite
G:\Chilcotin_Cariboo_ARU_2023\focal_analysis_3\Tatton Lake\ARU_9633 (Site 2)\16801545_20230621_YellowRail2023 [+51.71449-121.28731]\00009633_16801545_20230621T035000-0700_REC [+51.71449-121.28731].wav,132.0,135.0,Empidonax traillii,Willow Flycatcher,0.9911,0.0000,0.0000,-1,0,1.0,0.5,C:\Users\sunny541.stu\AppData\Local\Temp\684088f74cd800171d7d84116b36d9fc94d24255\focal_species_list_with_sci_name.txt,BirdNET_GLOBAL_6K_V2.4_Model_FP32.tflite
G:\Chilcotin_Cariboo_ARU_2023\focal_analysis_3\Tatton Lake\ARU_9633 (Site 2)\16801545_20230621_YellowRail2023 [+51.71449-121.28731]\00009633_16801545_20230621T035000-0700_REC [+51.71449-121.28731].wav,135.0,138.0,Empidonax traillii,Willow Flycatcher,0.9955,0.0000,0.0000,-1,0,1.0,0.5,C:\Users\sunny541.stu\AppData\Local\Temp\684088f74cd800171d7d84116b36d9fc94d24255\focal_species_list_with_sci_name.txt,BirdNET_GLOBAL_6K_V2.4_Model_FP32.tflite
G:\Chilcotin_Cariboo_ARU_2023\focal_analysis_3\Tatton Lake\ARU_9633 (Site 2)\16801545_20230621_YellowRail2023 [+51.71449-121.28731]\00009633_16801545_20230621T035000-0700_REC [+51.71449-121.28731].wav,138.0,141.0,Empidonax traillii,Willow Flycatcher,0.9968,0.0000,0.0000,-1,0,1.0,0.5,C:\Users\sunny541.stu\AppData\Local\Temp\684088f74cd800171d7d84116b36d9fc94d24255\focal_species_list_with_sci_name.txt,BirdNET_GLOBAL_6K_V2.4_Model_FP32.tflite
G:\Chilcotin_Cariboo_ARU_2023\focal_analysis_3\Tatton Lake\ARU_9633 (Site 2)\16801545_20230621_YellowRail2023 [+51.71449-121.28731]\00009633_16801545_20230621T035000-0700_REC [+51.71449-121.28731].wav,141.0,144.0,Empidonax traillii,Willow Flycatcher,0.9773,0.0000,0.0000,-1,0,1.0,0.5,C:\Users\sunny541.stu\AppData\Local\Temp\684088f74cd800171d7d84116b36d9fc94d24255\focal_species_list_with_sci_name.txt,BirdNET_GLOBAL_6K_V2.4_Model_FP32.tflite
G:\Chilcotin_Cariboo_ARU_2023\focal_analysis_3\Tatton Lake\ARU_9633 (Site 2)\16801545_20230621_YellowRail2023 [+51.71449-121.28731]\00009633_16801545_20230621T035000-0700_REC [+51.71449-121.28731].wav,144.0,147.0,Empidonax traillii,Willow Flycatcher,0.9902,0.0000,0.0000,-1,0,1.0,0.5,C:\Users\sunny541.stu\AppData\Local\Temp\684088f74cd800171d7d84116b36d9fc94d24255\focal_species_list_with_sci_name.txt,BirdNET_GLOBAL_6K_V2.4_Model_FP32.tflite
G:\Chilcotin_Cariboo_ARU_2023\focal_analysis_3\Tatton Lake\ARU_9633 (Site 2)\16801545_20230621_YellowRail2023 [+51.71449-121.28731]\00009633_16801545_20230621T035000-0700_REC [+51.71449-121.28731].wav,147.0,150.0,Empidonax traillii,Willow Flycatcher,0.9985,0.0000,0.0000,-1,0,1.0,0.5,C:\Users\sunny541.stu\AppData\Local\Temp\684088f74cd800171d7d84116b36d9fc94d24255\focal_species_list_with_sci_name.txt,BirdNET_GLOBAL_6K_V2.4_Model_FP32.tflite
G:\Chilcotin_Cariboo_ARU_2023\focal_analysis_3\Tatton Lake\ARU_9633 (Site 2)\16801545_20230621_YellowRail2023 [+51.71449-121.28731]\00009633_16801545_20230621T035000-0700_REC [+51.71449-121.28731].wav,150.0,153.0,Empidonax traillii,Willow Flycatcher,0.9916,0.0000,0.0000,-1,0,1.0,0.5,C:\Users\sunny541.stu\AppData\Local\Temp\684088f74cd800171d7d84116b36d9fc94d24255\focal_species_list_with_sci_name.txt,BirdNET_GLOBAL_6K_V2.4_Model_FP32.tflite
G:\Chilcotin_Cariboo_ARU_2023\focal_analysis_3\Tatton Lake\ARU_9633 (Site 2)\16801545_20230621_YellowRail2023 [+51.71449-121.28731]\00009633_16801545_20230621T035000-0700_REC [+51.71449-121.28731].wav,153.0,156.0,Empidonax traillii,Willow Flycatcher,0.9955,0.0000,0.0000,-1,0,1.0,0.5,C:\Users\sunny541.stu\AppData\Local\Temp\684088f74cd800171d7d84116b36d9fc94d24255\focal_species_list_with_sci_name.txt,BirdNET_GLOBAL_6K_V2.4_Model_FP32.tflite
G:\Chilcotin_Cariboo_ARU_2023\focal_analysis_3\Tatton Lake\ARU_9633 (Site 2)\16801545_20230621_YellowRail2023 [+51.71449-121.28731]\00009633_16801545_20230621T035000-0700_REC [+51.71449-121.28731].wav,156.0,159.0,Empidonax traillii,Willow Flycatcher,0.8375,0.0000,0.0000,-1,0,1.0,0.5,C:\Users\sunny541.stu\AppData\Local\Temp\684088f74cd800171d7d84116b36d9fc94d24255\focal_species_list_with_sci_name.txt,BirdNET_GLOBAL_6K_V2.4_Model_FP32.tflite
G:\Chilcotin_Cariboo_ARU_2023\focal_analysis_3\Tatton Lake\ARU_9633 (Site 2)\16801545_20230621_YellowRail2023 [+51.71449-121.28731]\00009633_16801545_20230621T035000-0700_REC [+51.71449-121.28731].wav,159.0,162.0,Empidonax traillii,Willow Flycatcher,0.9997,0.0000,0.0000,-1,0,1.0,0.5,C:\Users\sunny541.stu\AppData\Local\Temp\684088f74cd800171d7d84116b36d9fc94d24255\focal_species_list_with_sci_name.txt,BirdNET_GLOBAL_6K_V2.4_Model_FP32.tflite
G:\Chilcotin_Cariboo_ARU_2023\focal_analysis_3\Tatton Lake\ARU_9633 (Site 2)\16801545_20230621_YellowRail2023 [+51.71449-121.28731]\00009633_16801545_20230621T035000-0700_REC [+51.71449-121.28731].wav,162.0,165.0,Empidonax traillii,Willow Flycatcher,0.9984,0.0000,0.0000,-1,0,1.0,0.5,C:\Users\sunny541.stu\AppData\Local\Temp\684088f74cd800171d7d84116b36d9fc94d24255\focal_species_list_with_sci_name.txt,BirdNET_GLOBAL_6K_V2.4_Model_FP32.tflite
G:\Chilcotin_Cariboo_ARU_2023\focal_analysis_3\Tatton Lake\ARU_9633 (Site 2)\16801545_20230621_YellowRail2023 [+51.71449-121.28731]\00009633_16801545_20230621T035000-0700_REC [+51.71449-121.28731].wav,165.0,168.0,Empidonax traillii,Willow Flycatcher,0.9846,0.0000,0.0000,-1,0,1.0,0.5,C:\Users\sunny541.stu\AppData\Local\Temp\684088f74cd800171d7d84116b36d9fc94d24255\focal_species_list_with_sci_name.txt,BirdNET_GLOBAL_6K_V2.4_Model_FP32.tflite
G:\Chilcotin_Cariboo_ARU_2023\focal_analysis_3\Tatton Lake\ARU_9633 (Site 2)\16801545_20230621_YellowRail2023 [+51.71449-121.28731]\00009633_16801545_20230621T035000-0700_REC [+51.71449-121.28731].wav,168.0,171.0,Empidonax traillii,Willow Flycatcher,0.9940,0.0000,0.0000,-1,0,1.0,0.5,C:\Users\sunny541.stu\AppData\Local\Temp\684088f74cd800171d7d84116b36d9fc94d24255\focal_species_list_with_sci_name.txt,BirdNET_GLOBAL_6K_V2.4_Model_FP32.tflite
G:\Chilcotin_Cariboo_ARU_2023\focal_analysis_3\Tatton Lake\ARU_9633 (Site 2)\16801545_20230621_YellowRail2023 [+51.71449-121.28731]\00009633_16801545_20230621T035000-0700_REC [+51.71449-121.28731].wav,171.0,174.0,Empidonax traillii,Willow Flycatcher,0.9927,0.0000,0.0000,-1,0,1.0,0.5,C:\Users\sunny541.stu\AppData\Local\Temp\684088f74cd800171d7d84116b36d9fc94d24255\focal_species_list_with_sci_name.txt,BirdNET_GLOBAL_6K_V2.4_Model_FP32.tflite
G:\Chilcotin_Cariboo_ARU_2023\focal_analysis_3\Tatton Lake\ARU_9633 (Site 2)\16801545_20230621_YellowRail2023 [+51.71449-121.28731]\00009633_16801545_20230621T035000-0700_REC [+51.71449-121.28731].wav,174.0,177.0,Empidonax traillii,Willow Flycatcher,0.9749,0.0000,0.0000,-1,0,1.0,0.5,C:\Users\sunny541.stu\AppData\Local\Temp\684088f74cd800171d7d84116b36d9fc94d24255\focal_species_list_with_sci_name.txt,BirdNET_GLOBAL_6K_V2.4_Model_FP32.tflite
G:\Chilcotin_Cariboo_ARU_2023\focal_analysis_3\Tatton Lake\ARU_9633 (Site 2)\16801545_20230621_YellowRail2023 [+51.71449-121.28731]\00009633_16801545_20230621T035000-0700_REC [+51.71449-121.28731].wav,177.0,180.0,Empidonax traillii,Willow Flycatcher,0.9937,0.0000,0.0000,-1,0,1.0,0.5,C:\Users\sunny541.stu\AppData\Local\Temp\684088f74cd800171d7d84116b36d9fc94d24255\focal_species_list_with_sci_name.txt,BirdNET_GLOBAL_6K_V2.4_Model_FP32.tflite
G:\Chilcotin_Cariboo_ARU_2023\focal_analysis_3\Tatton Lake\ARU_9633 (Site 2)\16801545_20230621_YellowRail2023 [+51.71449-121.28731]\00009633_16801545_20230621T035000-0700_REC [+51.71449-121.28731].wav,180.0,183.0,Empidonax traillii,Willow Flycatcher,0.9959,0.0000,0.0000,-1,0,1.0,0.5,C:\Users\sunny541.stu\AppData\Local\Temp\684088f74cd800171d7d84116b36d9fc94d24255\focal_species_list_with_sci_name.txt,BirdNET_GLOBAL_6K_V2.4_Model_FP32.tflite
G:\Chilcotin_Cariboo_ARU_2023\focal_analysis_3\Tatton Lake\ARU_9633 (Site 2)\16801545_20230621_YellowRail2023 [+51.71449-121.28731]\00009633_16801545_20230621T035000-0700_REC [+51.71449-121.28731].wav,183.0,186.0,Empidonax traillii,Willow Flycatcher,0.9854,0.0000,0.0000,-1,0,1.0,0.5,C:\Users\sunny541.stu\AppData\Local\Temp\684088f74cd800171d7d84116b36d9fc94d24255\focal_species_list_with_sci_name.txt,BirdNET_GLOBAL_6K_V2.4_Model_FP32.tflite
G:\Chilcotin_Cariboo_ARU_2023\focal_analysis_3\Tatton Lake\ARU_9633 (Site 2)\16801545_20230621_YellowRail2023 [+51.71449-121.28731]\00009633_16801545_20230621T035000-0700_REC [+51.71449-121.28731].wav,186.0,189.0,Empidonax traillii,Willow Flycatcher,0.9980,0.0000,0.0000,-1,0,1.0,0.5,C:\Users\sunny541.stu\AppData\Local\Temp\684088f74cd800171d7d84116b36d9fc94d24255\focal_species_list_with_sci_name.txt,BirdNET_GLOBAL_6K_V2.4_Model_FP32.tflite
G:\Chilcotin_Cariboo_ARU_2023\focal_analysis_3\Tatton Lake\ARU_9633 (Site 2)\16801545_20230621_YellowRail2023 [+51.71449-121.28731]\00009633_16801545_20230621T035000-0700_REC [+51.71449-121.28731].wav,189.0,192.0,Empidonax traillii,Willow Flycatcher,0.9981,0.0000,0.0000,-1,0,1.0,0.5,C:\Users\sunny541.stu\AppData\Local\Temp\684088f74cd800171d7d84116b36d9fc94d24255\focal_species_list_with_sci_name.txt,BirdNET_GLOBAL_6K_V2.4_Model_FP32.tflite
G:\Chilcotin_Cariboo_ARU_2023\focal_analysis_3\Tatton Lake\ARU_9633 (Site 2)\16801545_20230621_YellowRail2023 [+51.71449-121.28731]\00009633_16801545_20230621T035000-0700_REC [+51.71449-121.28731].wav,192.0,195.0,Empidonax traillii,Willow Flycatcher,0.9987,0.0000,0.0000,-1,0,1.0,0.5,C:\Users\sunny541.stu\AppData\Local\Temp\684088f74cd800171d7d84116b36d9fc94d24255\focal_species_list_with_sci_name.txt,BirdNET_GLOBAL_6K_V2.4_Model_FP32.tflite
G:\Chilcotin_Cariboo_ARU_2023\focal_analysis_3\Tatton Lake\ARU_9633 (Site 2)\16801545_20230621_YellowRail2023 [+51.71449-121.28731]\00009633_16801545_20230621T035000-0700_REC [+51.71449-121.28731].wav,195.0,198.0,Empidonax traillii,Willow Flycatcher,0.9984,0.0000,0.0000,-1,0,1.0,0.5,C:\Users\sunny541.stu\AppData\Local\Temp\684088f74cd800171d7d84116b36d9fc94d24255\focal_species_list_with_sci_name.txt,BirdNET_GLOBAL_6K_V2.4_Model_FP32.tflite
G:\Chilcotin_Cariboo_ARU_2023\focal_analysis_3\Tatton Lake\ARU_9633 (Site 2)\16801545_20230621_YellowRail2023 [+51.71449-121.28731]\00009633_16801545_20230621T035000-0700_REC [+51.71449-121.28731].wav,198.0,201.0,Empidonax traillii,Willow Flycatcher,0.9980,0.0000,0.0000,-1,0,1.0,0.5,C:\Users\sunny541.stu\AppData\Local\Temp\684088f74cd800171d7d84116b36d9fc94d24255\focal_species_list_with_sci_name.txt,BirdNET_GLOBAL_6K_V2.4_Model_FP32.tflite
G:\Chilcotin_Cariboo_ARU_2023\focal_analysis_3\Tatton Lake\ARU_9633 (Site 2)\16801545_20230621_YellowRail2023 [+51.71449-121.28731]\00009633_16801545_20230621T035000-0700_REC [+51.71449-121.28731].wav,201.0,204.0,Empidonax traillii,Willow Flycatcher,0.9808,0.0000,0.0000,-1,0,1.0,0.5,C:\Users\sunny541.stu\AppData\Local\Temp\684088f74cd800171d7d84116b36d9fc94d24255\focal_species_list_with_sci_name.txt,BirdNET_GLOBAL_6K_V2.4_Model_FP32.tflite
G:\Chilcotin_Cariboo_ARU_2023\focal_analysis_3\Tatton Lake\ARU_9633 (Site 2)\16801545_20230621_YellowRail2023 [+51.71449-121.28731]\00009633_16801545_20230621T035000-0700_REC [+51.71449-121.28731].wav,204.0,207.0,Empidonax traillii,Willow Flycatcher,0.9802,0.0000,0.0000,-1,0,1.0,0.5,C:\Users\sunny541.stu\AppData\Local\Temp\684088f74cd800171d7d84116b36d9fc94d24255\focal_species_list_with_sci_name.txt,BirdNET_GLOBAL_6K_V2.4_Model_FP32.tflite
G:\Chilcotin_Cariboo_ARU_2023\focal_analysis_3\Tatton Lake\ARU_9633 (Site 2)\16801545_20230621_YellowRail2023 [+51.71449-121.28731]\00009633_16801545_20230621T035000-0700_REC [+51.71449-121.28731].wav,207.0,210.0,Empidonax traillii,Willow Flycatcher,0.9988,0.0000,0.0000,-1,0,1.0,0.5,C:\Users\sunny541.stu\AppData\Local\Temp\684088f74cd800171d7d84116b36d9fc94d24255\focal_species_list_with_sci_name.txt,BirdNET_GLOBAL_6K_V2.4_Model_FP32.tflite
G:\Chilcotin_Cariboo_ARU_2023\focal_analysis_3\Tatton Lake\ARU_9633 (Site 2)\16801545_20230621_YellowRail2023 [+51.71449-121.28731]\00009633_16801545_20230621T035000-0700_REC [+51.71449-121.28731].wav,210.0,213.0,Empidonax traillii,Willow Flycatcher,0.9954,0.0000,0.0000,-1,0,1.0,0.5,C:\Users\sunny541.stu\AppData\Local\Temp\684088f74cd800171d7d84116b36d9fc94d24255\focal_species_list_with_sci_name.txt,BirdNET_GLOBAL_6K_V2.4_Model_FP32.tflite
G:\Chilcotin_Cariboo_ARU_2023\focal_analysis_3\Tatton Lake\ARU_9633 (Site 2)\16801545_20230621_YellowRail2023 [+51.71449-121.28731]\00009633_16801545_20230621T035000-0700_REC [+51.71449-121.28731].wav,213.0,216.0,Empidonax traillii,Willow Flycatcher,0.9978,0.0000,0.0000,-1,0,1.0,0.5,C:\Users\sunny541.stu\AppData\Local\Temp\684088f74cd800171d7d84116b36d9fc94d24255\focal_species_list_with_sci_name.txt,BirdNET_GLOBAL_6K_V2.4_Model_FP32.tflite
G:\Chilcotin_Cariboo_ARU_2023\focal_analysis_3\Tatton Lake\ARU_9633 (Site 2)\16801545_20230621_YellowRail2023 [+51.71449-121.28731]\00009633_16801545_20230621T035000-0700_REC [+51.71449-121.28731].wav,216.0,219.0,Empidonax traillii,Willow Flycatcher,0.9727,0.0000,0.0000,-1,0,1.0,0.5,C:\Users\sunny541.stu\AppData\Local\Temp\684088f74cd800171d7d84116b36d9fc94d24255\focal_species_list_with_sci_name.txt,BirdNET_GLOBAL_6K_V2.4_Model_FP32.tflite
G:\Chilcotin_Cariboo_ARU_2023\focal_analysis_3\Tatton Lake\ARU_9633 (Site 2)\16801545_20230621_YellowRail2023 [+51.71449-121.28731]\00009633_16801545_20230621T035000-0700_REC [+51.71449-121.28731].wav,219.0,222.0,Empidonax traillii,Willow Flycatcher,0.9965,0.0000,0.0000,-1,0,1.0,0.5,C:\Users\sunny541.stu\AppData\Local\Temp\684088f74cd800171d7d84116b36d9fc94d24255\focal_species_list_with_sci_name.txt,BirdNET_GLOBAL_6K_V2.4_Model_FP32.tflite
G:\Chilcotin_Cariboo_ARU_2023\focal_analysis_3\Tatton Lake\ARU_9633 (Site 2)\16801545_20230621_YellowRail2023 [+51.71449-121.28731]\00009633_16801545_20230621T035000-0700_REC [+51.71449-121.28731].wav,222.0,225.0,Empidonax traillii,Willow Flycatcher,0.9843,0.0000,0.0000,-1,0,1.0,0.5,C:\Users\sunny541.stu\AppData\Local\Temp\684088f74cd800171d7d84116b36d9fc94d24255\focal_species_list_with_sci_name.txt,BirdNET_GLOBAL_6K_V2.4_Model_FP32.tflite
G:\Chilcotin_Cariboo_ARU_2023\focal_analysis_3\Tatton Lake\ARU_9633 (Site 2)\16801545_20230621_YellowRail2023 [+51.71449-121.28731]\00009633_16801545_20230621T035000-0700_REC [+51.71449-121.28731].wav,225.0,228.0,Empidonax traillii,Willow Flycatcher,0.9986,0.0000,0.0000,-1,0,1.0,0.5,C:\Users\sunny541.stu\AppData\Local\Temp\684088f74cd800171d7d84116b36d9fc94d24255\focal_species_list_with_sci_name.txt,BirdNET_GLOBAL_6K_V2.4_Model_FP32.tflite
G:\Chilcotin_Cariboo_ARU_2023\focal_analysis_3\Tatton Lake\ARU_9633 (Site 2)\16801545_20230621_YellowRail2023 [+51.71449-121.28731]\00009633_16801545_20230621T035000-0700_REC [+51.71449-121.28731].wav,228.0,231.0,Empidonax traillii,Willow Flycatcher,0.9966,0.0000,0.0000,-1,0,1.0,0.5,C:\Users\sunny541.stu\AppData\Local\Temp\684088f74cd800171d7d84116b36d9fc94d24255\focal_species_list_with_sci_name.txt,BirdNET_GLOBAL_6K_V2.4_Model_FP32.tflite
G:\Chilcotin_Cariboo_ARU_2023\focal_analysis_3\Tatton Lake\ARU_9633 (Site 2)\16801545_20230621_YellowRail2023 [+51.71449-121.28731]\00009633_16801545_20230621T035000-0700_REC [+51.71449-121.28731].wav,231.0,234.0,Empidonax traillii,Willow Flycatcher,0.8030,0.0000,0.0000,-1,0,1.0,0.5,C:\Users\sunny541.stu\AppData\Local\Temp\684088f74cd800171d7d84116b36d9fc94d24255\focal_species_list_with_sci_name.txt,BirdNET_GLOBAL_6K_V2.4_Model_FP32.tflite
G:\Chilcotin_Cariboo_ARU_2023\focal_analysis_3\Tatton Lake\ARU_9633 (Site 2)\16801545_20230621_YellowRail2023 [+51.71449-121.28731]\00009633_16801545_20230621T035000-0700_REC [+51.71449-121.28731].wav,234.0,237.0,Empidonax traillii,Willow Flycatcher,0.9995,0.0000,0.0000,-1,0,1.0,0.5,C:\Users\sunny541.stu\AppData\Local\Temp\684088f74cd800171d7d84116b36d9fc94d24255\focal_species_list_with_sci_name.txt,BirdNET_GLOBAL_6K_V2.4_Model_FP32.tflite
G:\Chilcotin_Cariboo_ARU_2023\focal_analysis_3\Tatton Lake\ARU_9633 (Site 2)\16801545_20230621_YellowRail2023 [+51.71449-121.28731]\00009633_16801545_20230621T035000-0700_REC [+51.71449-121.28731].wav,243.0,246.0,Empidonax traillii,Willow Flycatcher,0.9973,0.0000,0.0000,-1,0,1.0,0.5,C:\Users\sunny541.stu\AppData\Local\Temp\684088f74cd800171d7d84116b36d9fc94d24255\focal_species_list_with_sci_name.txt,BirdNET_GLOBAL_6K_V2.4_Model_FP32.tflite
G:\Chilcotin_Cariboo_ARU_2023\focal_analysis_3\Tatton Lake\ARU_9633 (Site 2)\16801545_20230621_YellowRail2023 [+51.71449-121.28731]\00009633_16801545_20230621T035000-0700_REC [+51.71449-121.28731].wav,249.0,252.0,Empidonax traillii,Willow Flycatcher,0.8095,0.0000,0.0000,-1,0,1.0,0.5,C:\Users\sunny541.stu\AppData\Local\Temp\684088f74cd800171d7d84116b36d9fc94d24255\focal_species_list_with_sci_name.txt,BirdNET_GLOBAL_6K_V2.4_Model_FP32.tflite
G:\Chilcotin_Cariboo_ARU_2023\focal_analysis_3\Tatton Lake\ARU_9633 (Site 2)\16801545_20230621_YellowRail2023 [+51.71449-121.28731]\00009633_16801545_20230621T035000-0700_REC [+51.71449-121.28731].wav,252.0,255.0,Empidonax traillii,Willow Flycatcher,0.9899,0.0000,0.0000,-1,0,1.0,0.5,C:\Users\sunny541.stu\AppData\Local\Temp\684088f74cd800171d7d84116b36d9fc94d24255\focal_species_list_with_sci_name.txt,BirdNET_GLOBAL_6K_V2.4_Model_FP32.tflite
G:\Chilcotin_Cariboo_ARU_2023\focal_analysis_3\Tatton Lake\ARU_9633 (Site 2)\16801545_20230621_YellowRail2023 [+51.71449-121.28731]\00009633_16801545_20230621T035000-0700_REC [+51.71449-121.28731].wav,258.0,261.0,Empidonax traillii,Willow Flycatcher,0.9973,0.0000,0.0000,-1,0,1.0,0.5,C:\Users\sunny541.stu\AppData\Local\Temp\684088f74cd800171d7d84116b36d9fc94d24255\focal_species_list_with_sci_name.txt,BirdNET_GLOBAL_6K_V2.4_Model_FP32.tflite
G:\Chilcotin_Cariboo_ARU_2023\focal_analysis_3\Tatton Lake\ARU_9633 (Site 2)\16801545_20230621_YellowRail2023 [+51.71449-121.28731]\00009633_16801545_20230621T035000-0700_REC [+51.71449-121.28731].wav,261.0,264.0,Empidonax traillii,Willow Flycatcher,0.9940,0.0000,0.0000,-1,0,1.0,0.5,C:\Users\sunny541.stu\AppData\Local\Temp\684088f74cd800171d7d84116b36d9fc94d24255\focal_species_list_with_sci_name.txt,BirdNET_GLOBAL_6K_V2.4_Model_FP32.tflite
G:\Chilcotin_Cariboo_ARU_2023\focal_analysis_3\Tatton Lake\ARU_9633 (Site 2)\16801545_20230621_YellowRail2023 [+51.71449-121.28731]\00009633_16801545_20230621T035000-0700_REC [+51.71449-121.28731].wav,264.0,267.0,Empidonax traillii,Willow Flycatcher,0.6114,0.0000,0.0000,-1,0,1.0,0.5,C:\Users\sunny541.stu\AppData\Local\Temp\684088f74cd800171d7d84116b36d9fc94d24255\focal_species_list_with_sci_name.txt,BirdNET_GLOBAL_6K_V2.4_Model_FP32.tflite
G:\Chilcotin_Cariboo_ARU_2023\focal_analysis_3\Tatton Lake\ARU_9633 (Site 2)\16801545_20230621_YellowRail2023 [+51.71449-121.28731]\00009633_16801545_20230621T035000-0700_REC [+51.71449-121.28731].wav,267.0,270.0,Empidonax traillii,Willow Flycatcher,0.8194,0.0000,0.0000,-1,0,1.0,0.5,C:\Users\sunny541.stu\AppData\Local\Temp\684088f74cd800171d7d84116b36d9fc94d24255\focal_species_list_with_sci_name.txt,BirdNET_GLOBAL_6K_V2.4_Model_FP32.tflite
G:\Chilcotin_Cariboo_ARU_2023\focal_analysis_3\Tatton Lake\ARU_9633 (Site 2)\16801545_20230621_YellowRail2023 [+51.71449-121.28731]\00009633_16801545_20230621T035000-0700_REC [+51.71449-121.28731].wav,270.0,273.0,Empidonax traillii,Willow Flycatcher,0.9950,0.0000,0.0000,-1,0,1.0,0.5,C:\Users\sunny541.stu\AppData\Local\Temp\684088f74cd800171d7d84116b36d9fc94d24255\focal_species_list_with_sci_name.txt,BirdNET_GLOBAL_6K_V2.4_Model_FP32.tflite
G:\Chilcotin_Cariboo_ARU_2023\focal_analysis_3\Tatton Lake\ARU_9633 (Site 2)\16801545_20230621_YellowRail2023 [+51.71449-121.28731]\00009633_16801545_20230621T035000-0700_REC [+51.71449-121.28731].wav,273.0,276.0,Empidonax traillii,Willow Flycatcher,0.9926,0.0000,0.0000,-1,0,1.0,0.5,C:\Users\sunny541.stu\AppData\Local\Temp\684088f74cd800171d7d84116b36d9fc94d24255\focal_species_list_with_sci_name.txt,BirdNET_GLOBAL_6K_V2.4_Model_FP32.tflite
G:\Chilcotin_Cariboo_ARU_2023\focal_analysis_3\Tatton Lake\ARU_9633 (Site 2)\16801545_20230621_YellowRail2023 [+51.71449-121.28731]\00009633_16801545_20230621T035000-0700_REC [+51.71449-121.28731].wav,276.0,279.0,Empidonax traillii,Willow Flycatcher,0.9989,0.0000,0.0000,-1,0,1.0,0.5,C:\Users\sunny541.stu\AppData\Local\Temp\684088f74cd800171d7d84116b36d9fc94d24255\focal_species_list_with_sci_name.txt,BirdNET_GLOBAL_6K_V2.4_Model_FP32.tflite
G:\Chilcotin_Cariboo_ARU_2023\focal_analysis_3\Tatton Lake\ARU_9633 (Site 2)\16801545_20230621_YellowRail2023 [+51.71449-121.28731]\00009633_16801545_20230621T035000-0700_REC [+51.71449-121.28731].wav,279.0,282.0,Empidonax traillii,Willow Flycatcher,0.9984,0.0000,0.0000,-1,0,1.0,0.5,C:\Users\sunny541.stu\AppData\Local\Temp\684088f74cd800171d7d84116b36d9fc94d24255\focal_species_list_with_sci_name.txt,BirdNET_GLOBAL_6K_V2.4_Model_FP32.tflite
G:\Chilcotin_Cariboo_ARU_2023\focal_analysis_3\Tatton Lake\ARU_9633 (Site 2)\16801545_20230621_YellowRail2023 [+51.71449-121.28731]\00009633_16801545_20230621T035000-0700_REC [+51.71449-121.28731].wav,282.0,285.0,Empidonax traillii,Willow Flycatcher,0.9972,0.0000,0.0000,-1,0,1.0,0.5,C:\Users\sunny541.stu\AppData\Local\Temp\684088f74cd800171d7d84116b36d9fc94d24255\focal_species_list_with_sci_name.txt,BirdNET_GLOBAL_6K_V2.4_Model_FP32.tflite
G:\Chilcotin_Cariboo_ARU_2023\focal_analysis_3\Tatton Lake\ARU_9633 (Site 2)\16801545_20230621_YellowRail2023 [+51.71449-121.28731]\00009633_16801545_20230621T035000-0700_REC [+51.71449-121.28731].wav,285.0,288.0,Empidonax traillii,Willow Flycatcher,0.7272,0.0000,0.0000,-1,0,1.0,0.5,C:\Users\sunny541.stu\AppData\Local\Temp\684088f74cd800171d7d84116b36d9fc94d24255\focal_species_list_with_sci_name.txt,BirdNET_GLOBAL_6K_V2.4_Model_FP32.tflite
G:\Chilcotin_Cariboo_ARU_2023\focal_analysis_3\Tatton Lake\ARU_9633 (Site 2)\16801545_20230621_YellowRail2023 [+51.71449-121.28731]\00009633_16801545_20230621T035000-0700_REC [+51.71449-121.28731].wav,288.0,291.0,Empidonax traillii,Willow Flycatcher,0.9993,0.0000,0.0000,-1,0,1.0,0.5,C:\Users\sunny541.stu\AppData\Local\Temp\684088f74cd800171d7d84116b36d9fc94d24255\focal_species_list_with_sci_name.txt,BirdNET_GLOBAL_6K_V2.4_Model_FP32.tflite
G:\Chilcotin_Cariboo_ARU_2023\focal_analysis_3\Tatton Lake\ARU_9633 (Site 2)\16801545_20230621_YellowRail2023 [+51.71449-121.28731]\00009633_16801545_20230621T035000-0700_REC [+51.71449-121.28731].wav,291.0,294.0,Empidonax traillii,Willow Flycatcher,0.9950,0.0000,0.0000,-1,0,1.0,0.5,C:\Users\sunny541.stu\AppData\Local\Temp\684088f74cd800171d7d84116b36d9fc94d24255\focal_species_list_with_sci_name.txt,BirdNET_GLOBAL_6K_V2.4_Model_FP32.tflite
G:\Chilcotin_Cariboo_ARU_2023\focal_analysis_3\Tatton Lake\ARU_9633 (Site 2)\16801545_20230621_YellowRail2023 [+51.71449-121.28731]\00009633_16801545_20230621T035000-0700_REC [+51.71449-121.28731].wav,294.0,297.0,Empidonax traillii,Willow Flycatcher,0.9846,0.0000,0.0000,-1,0,1.0,0.5,C:\Users\sunny541.stu\AppData\Local\Temp\684088f74cd800171d7d84116b36d9fc94d24255\focal_species_list_with_sci_name.txt,BirdNET_GLOBAL_6K_V2.4_Model_FP32.tflite
G:\Chilcotin_Cariboo_ARU_2023\focal_analysis_3\Tatton Lake\ARU_9633 (Site 2)\16801545_20230621_YellowRail2023 [+51.71449-121.28731]\00009633_16801545_20230621T035000-0700_REC [+51.71449-121.28731].wav,297.0,300.0,Empidonax traillii,Willow Flycatcher,0.9318,0.0000,0.0000,-1,0,1.0,0.5,C:\Users\sunny541.stu\AppData\Local\Temp\684088f74cd800171d7d84116b36d9fc94d24255\focal_species_list_with_sci_name.txt,BirdNET_GLOBAL_6K_V2.4_Model_FP32.tflite